0.0 0 0
1.0 0 1
2.0 1 0 1
3.0 0 2
4.0 1 0 2
5.0 1 1 2
6.0 2 0 1 2
7.0 0 3
8.0 1 0 3
9.0 1 1 3
10.0 2 0 1 3
11.0 1 2 3
12.0 2 0 2 3
13.0 2 1 2 3
14.0 3 0 1 2 3
15.0 0 4
16.0 1 0 4
17.0 1 1 4
18.0 2 0 1 4
19.0 1 2 4
20.0 2 0 2 4
21.0 2 1 2 4
22.0 3 0 1 2 4
23.0 1 3 4
24.0 2 0 3 4
25.0 2 1 3 4
26.0 3 0 1 3 4
27.0 2 2 3 4
28.0 3 0 2 3 4
29.0 3 1 2 3 4
30.0 4 0 1 2 3 4
31.0 0 5
32.0 1 0 5
33.0 1 1 5
34.0 2 0 1 5
35.0 1 2 5
36.0 2 0 2 5
37.0 2 1 2 5
38.0 3 0 1 2 5
39.0 1 3 5
40.0 2 0 3 5
41.0 2 1 3 5
42.0 3 0 1 3 5
43.0 2 2 3 5
44.0 3 0 2 3 5
45.0 3 1 2 3 5
46.0 4 0 1 2 3 5
47.0 1 4 5
48.0 2 0 4 5
49.0 2 1 4 5
50.0 3 0 1 4 5
51.0 2 2 4 5
52.0 3 0 2 4 5
53.0 3 1 2 4 5
54.0 4 0 1 2 4 5
55.0 2 3 4 5
56.0 3 0 3 4 5
57.0 3 1 3 4 5
58.0 4 0 1 3 4 5
59.0 3 2 3 4 5
60.0 4 0 2 3 4 5
61.0 4 1 2 3 4 5
62.0 5 0 1 2 3 4 5
63.0 0 6
64.0 1 0 6
65.0 1 1 6
66.0 2 0 1 6
67.0 1 2 6
68.0 2 0 2 6
69.0 2 1 2 6
70.0 3 0 1 2 6
71.0 1 3 6
72.0 2 0 3 6
73.0 2 1 3 6
74.0 3 0 1 3 6
75.0 2 2 3 6
76.0 3 0 2 3 6
77.0 3 1 2 3 6
78.0 4 0 1 2 3 6
79.0 1 4 6
80.0 2 0 4 6
81.0 2 1 4 6
82.0 3 0 1 4 6
83.0 2 2 4 6
84.0 3 0 2 4 6
85.0 3 1 2 4 6
86.0 4 0 1 2 4 6
87.0 2 3 4 6
88.0 3 0 3 4 6
89.0 3 1 3 4 6
90.0 4 0 1 3 4 6
91.0 3 2 3 4 6
92.0 4 0 2 3 4 6
93.0 4 1 2 3 4 6
94.0 5 0 1 2 3 4 6
95.0 1 5 6
96.0 2 0 5 6
97.0 2 1 5 6
98.0 3 0 1 5 6
99.0 2 2 5 6
100.0 3 0 2 5 6
101.0 3 1 2 5 6
102.0 4 0 1 2 5 6
103.0 2 3 5 6
104.0 3 0 3 5 6
105.0 3 1 3 5 6
106.0 4 0 1 3 5 6
107.0 3 2 3 5 6
108.0 4 0 2 3 5 6
109.0 4 1 2 3 5 6
110.0 5 0 1 2 3 5 6
111.0 2 4 5 6
112.0 3 0 4 5 6
113.0 3 1 4 5 6
114.0 4 0 1 4 5 6
115.0 3 2 4 5 6
116.0 4 0 2 4 5 6
117.0 4 1 2 4 5 6
118.0 5 0 1 2 4 5 6
119.0 3 3 4 5 6
120.0 4 0 3 4 5 6
121.0 4 1 3 4 5 6
122.0 5 0 1 3 4 5 6
123.0 4 2 3 4 5 6
124.0 5 0 2 3 4 5 6
125.0 5 1 2 3 4 5 6
126.0 6 0 1 2 3 4 5 6
127.0 0 7
128.0 1 0 7
129.0 1 1 7
130.0 2 0 1 7
131.0 1 2 7
132.0 2 0 2 7
133.0 2 1 2 7
134.0 3 0 1 2 7
135.0 1 3 7
136.0 2 0 3 7
137.0 2 1 3 7
138.0 3 0 1 3 7
139.0 2 2 3 7
140.0 3 0 2 3 7
141.0 3 1 2 3 7
142.0 4 0 1 2 3 7
143.0 1 4 7
144.0 2 0 4 7
145.0 2 1 4 7
146.0 3 0 1 4 7
147.0 2 2 4 7
148.0 3 0 2 4 7
149.0 3 1 2 4 7
150.0 4 0 1 2 4 7
151.0 2 3 4 7
152.0 3 0 3 4 7
153.0 3 1 3 4 7
154.0 4 0 1 3 4 7
155.0 3 2 3 4 7
156.0 4 0 2 3 4 7
157.0 4 1 2 3 4 7
158.0 5 0 1 2 3 4 7
159.0 1 5 7
160.0 2 0 5 7
161.0 2 1 5 7
162.0 3 0 1 5 7
163.0 2 2 5 7
164.0 3 0 2 5 7
165.0 3 1 2 5 7
166.0 4 0 1 2 5 7
167.0 2 3 5 7
168.0 3 0 3 5 7
169.0 3 1 3 5 7
170.0 4 0 1 3 5 7
171.0 3 2 3 5 7
172.0 4 0 2 3 5 7
173.0 4 1 2 3 5 7
174.0 5 0 1 2 3 5 7
175.0 2 4 5 7
176.0 3 0 4 5 7
177.0 3 1 4 5 7
178.0 4 0 1 4 5 7
179.0 3 2 4 5 7
180.0 4 0 2 4 5 7
181.0 4 1 2 4 5 7
182.0 5 0 1 2 4 5 7
183.0 3 3 4 5 7
184.0 4 0 3 4 5 7
185.0 4 1 3 4 5 7
186.0 5 0 1 3 4 5 7
187.0 4 2 3 4 5 7
188.0 5 0 2 3 4 5 7
189.0 5 1 2 3 4 5 7
190.0 6 0 1 2 3 4 5 7
191.0 1 6 7
192.0 2 0 6 7
193.0 2 1 6 7
194.0 3 0 1 6 7
195.0 2 2 6 7
196.0 3 0 2 6 7
197.0 3 1 2 6 7
198.0 4 0 1 2 6 7
199.0 2 3 6 7
200.0 3 0 3 6 7
201.0 3 1 3 6 7
202.0 4 0 1 3 6 7
203.0 3 2 3 6 7
204.0 4 0 2 3 6 7
205.0 4 1 2 3 6 7
206.0 5 0 1 2 3 6 7
207.0 2 4 6 7
208.0 3 0 4 6 7
209.0 3 1 4 6 7
210.0 4 0 1 4 6 7
211.0 3 2 4 6 7
212.0 4 0 2 4 6 7
213.0 4 1 2 4 6 7
214.0 5 0 1 2 4 6 7
215.0 3 3 4 6 7
216.0 4 0 3 4 6 7
217.0 4 1 3 4 6 7
218.0 5 0 1 3 4 6 7
219.0 4 2 3 4 6 7
220.0 5 0 2 3 4 6 7
221.0 5 1 2 3 4 6 7
222.0 6 0 1 2 3 4 6 7
223.0 2 5 6 7
224.0 3 0 5 6 7
225.0 3 1 5 6 7
226.0 4 0 1 5 6 7
227.0 3 2 5 6 7
228.0 4 0 2 5 6 7
229.0 4 1 2 5 6 7
230.0 5 0 1 2 5 6 7
231.0 3 3 5 6 7
232.0 4 0 3 5 6 7
233.0 4 1 3 5 6 7
234.0 5 0 1 3 5 6 7
235.0 4 2 3 5 6 7
236.0 5 0 2 3 5 6 7
237.0 5 1 2 3 5 6 7
238.0 6 0 1 2 3 5 6 7
239.0 3 4 5 6 7
240.0 4 0 4 5 6 7
241.0 4 1 4 5 6 7
242.0 5 0 1 4 5 6 7
243.0 4 2 4 5 6 7
244.0 5 0 2 4 5 6 7
245.0 5 1 2 4 5 6 7
246.0 6 0 1 2 4 5 6 7
247.0 4 3 4 5 6 7
248.0 5 0 3 4 5 6 7
249.0 5 1 3 4 5 6 7
250.0 6 0 1 3 4 5 6 7
251.0 5 2 3 4 5 6 7
252.0 6 0 2 3 4 5 6 7
253.0 6 1 2 3 4 5 6 7
254.0 7 0 1 2 3 4 5 6 7
255.0 0 8
256.0 1 0 8
257.0 1 1 8
258.0 2 0 1 8
259.0 1 2 8
260.0 2 0 2 8
261.0 2 1 2 8
262.0 3 0 1 2 8
263.0 1 3 8
264.0 2 0 3 8
265.0 2 1 3 8
266.0 3 0 1 3 8
267.0 2 2 3 8
268.0 3 0 2 3 8
269.0 3 1 2 3 8
270.0 4 0 1 2 3 8
271.0 1 4 8
272.0 2 0 4 8
273.0 2 1 4 8
274.0 3 0 1 4 8
275.0 2 2 4 8
276.0 3 0 2 4 8
277.0 3 1 2 4 8
278.0 4 0 1 2 4 8
279.0 2 3 4 8
280.0 3 0 3 4 8
281.0 3 1 3 4 8
282.0 4 0 1 3 4 8
283.0 3 2 3 4 8
284.0 4 0 2 3 4 8
285.0 4 1 2 3 4 8
286.0 5 0 1 2 3 4 8
287.0 1 5 8
288.0 2 0 5 8
289.0 2 1 5 8
290.0 3 0 1 5 8
291.0 2 2 5 8
292.0 3 0 2 5 8
293.0 3 1 2 5 8
294.0 4 0 1 2 5 8
295.0 2 3 5 8
296.0 3 0 3 5 8
297.0 3 1 3 5 8
298.0 4 0 1 3 5 8
299.0 3 2 3 5 8
300.0 4 0 2 3 5 8
301.0 4 1 2 3 5 8
302.0 5 0 1 2 3 5 8
303.0 2 4 5 8
304.0 3 0 4 5 8
305.0 3 1 4 5 8
306.0 4 0 1 4 5 8
307.0 3 2 4 5 8
308.0 4 0 2 4 5 8
309.0 4 1 2 4 5 8
310.0 5 0 1 2 4 5 8
311.0 3 3 4 5 8
312.0 4 0 3 4 5 8
313.0 4 1 3 4 5 8
314.0 5 0 1 3 4 5 8
315.0 4 2 3 4 5 8
316.0 5 0 2 3 4 5 8
317.0 5 1 2 3 4 5 8
318.0 6 0 1 2 3 4 5 8
319.0 1 6 8
320.0 2 0 6 8
321.0 2 1 6 8
322.0 3 0 1 6 8
323.0 2 2 6 8
324.0 3 0 2 6 8
325.0 3 1 2 6 8
326.0 4 0 1 2 6 8
327.0 2 3 6 8
328.0 3 0 3 6 8
329.0 3 1 3 6 8
330.0 4 0 1 3 6 8
331.0 3 2 3 6 8
332.0 4 0 2 3 6 8
333.0 4 1 2 3 6 8
334.0 5 0 1 2 3 6 8
335.0 2 4 6 8
336.0 3 0 4 6 8
337.0 3 1 4 6 8
338.0 4 0 1 4 6 8
339.0 3 2 4 6 8
340.0 4 0 2 4 6 8
341.0 4 1 2 4 6 8
342.0 5 0 1 2 4 6 8
343.0 3 3 4 6 8
344.0 4 0 3 4 6 8
345.0 4 1 3 4 6 8
346.0 5 0 1 3 4 6 8
347.0 4 2 3 4 6 8
348.0 5 0 2 3 4 6 8
349.0 5 1 2 3 4 6 8
350.0 6 0 1 2 3 4 6 8
351.0 2 5 6 8
352.0 3 0 5 6 8
353.0 3 1 5 6 8
354.0 4 0 1 5 6 8
355.0 3 2 5 6 8
356.0 4 0 2 5 6 8
357.0 4 1 2 5 6 8
358.0 5 0 1 2 5 6 8
359.0 3 3 5 6 8
360.0 4 0 3 5 6 8
361.0 4 1 3 5 6 8
362.0 5 0 1 3 5 6 8
363.0 4 2 3 5 6 8
364.0 5 0 2 3 5 6 8
365.0 5 1 2 3 5 6 8
366.0 6 0 1 2 3 5 6 8
367.0 3 4 5 6 8
368.0 4 0 4 5 6 8
369.0 4 1 4 5 6 8
370.0 5 0 1 4 5 6 8
371.0 4 2 4 5 6 8
372.0 5 0 2 4 5 6 8
373.0 5 1 2 4 5 6 8
374.0 6 0 1 2 4 5 6 8
375.0 4 3 4 5 6 8
376.0 5 0 3 4 5 6 8
377.0 5 1 3 4 5 6 8
378.0 6 0 1 3 4 5 6 8
379.0 5 2 3 4 5 6 8
380.0 6 0 2 3 4 5 6 8
381.0 6 1 2 3 4 5 6 8
382.0 7 0 1 2 3 4 5 6 8
383.0 1 7 8
384.0 2 0 7 8
385.0 2 1 7 8
386.0 3 0 1 7 8
387.0 2 2 7 8
388.0 3 0 2 7 8
389.0 3 1 2 7 8
390.0 4 0 1 2 7 8
391.0 2 3 7 8
392.0 3 0 3 7 8
393.0 3 1 3 7 8
394.0 4 0 1 3 7 8
395.0 3 2 3 7 8
396.0 4 0 2 3 7 8
397.0 4 1 2 3 7 8
398.0 5 0 1 2 3 7 8
399.0 2 4 7 8
400.0 3 0 4 7 8
401.0 3 1 4 7 8
402.0 4 0 1 4 7 8
403.0 3 2 4 7 8
404.0 4 0 2 4 7 8
405.0 4 1 2 4 7 8
406.0 5 0 1 2 4 7 8
407.0 3 3 4 7 8
408.0 4 0 3 4 7 8
409.0 4 1 3 4 7 8
410.0 5 0 1 3 4 7 8
411.0 4 2 3 4 7 8
412.0 5 0 2 3 4 7 8
413.0 5 1 2 3 4 7 8
414.0 6 0 1 2 3 4 7 8
415.0 2 5 7 8
416.0 3 0 5 7 8
417.0 3 1 5 7 8
418.0 4 0 1 5 7 8
419.0 3 2 5 7 8
420.0 4 0 2 5 7 8
421.0 4 1 2 5 7 8
422.0 5 0 1 2 5 7 8
423.0 3 3 5 7 8
424.0 4 0 3 5 7 8
425.0 4 1 3 5 7 8
426.0 5 0 1 3 5 7 8
427.0 4 2 3 5 7 8
428.0 5 0 2 3 5 7 8
429.0 5 1 2 3 5 7 8
430.0 6 0 1 2 3 5 7 8
431.0 3 4 5 7 8
432.0 4 0 4 5 7 8
433.0 4 1 4 5 7 8
434.0 5 0 1 4 5 7 8
435.0 4 2 4 5 7 8
436.0 5 0 2 4 5 7 8
437.0 5 1 2 4 5 7 8
438.0 6 0 1 2 4 5 7 8
439.0 4 3 4 5 7 8
440.0 5 0 3 4 5 7 8
441.0 5 1 3 4 5 7 8
442.0 6 0 1 3 4 5 7 8
443.0 5 2 3 4 5 7 8
444.0 6 0 2 3 4 5 7 8
445.0 6 1 2 3 4 5 7 8
446.0 7 0 1 2 3 4 5 7 8
447.0 2 6 7 8
448.0 3 0 6 7 8
449.0 3 1 6 7 8
450.0 4 0 1 6 7 8
451.0 3 2 6 7 8
452.0 4 0 2 6 7 8
453.0 4 1 2 6 7 8
454.0 5 0 1 2 6 7 8
455.0 3 3 6 7 8
456.0 4 0 3 6 7 8
457.0 4 1 3 6 7 8
458.0 5 0 1 3 6 7 8
459.0 4 2 3 6 7 8
460.0 5 0 2 3 6 7 8
461.0 5 1 2 3 6 7 8
462.0 6 0 1 2 3 6 7 8
463.0 3 4 6 7 8
464.0 4 0 4 6 7 8
465.0 4 1 4 6 7 8
466.0 5 0 1 4 6 7 8
467.0 4 2 4 6 7 8
468.0 5 0 2 4 6 7 8
469.0 5 1 2 4 6 7 8
470.0 6 0 1 2 4 6 7 8
471.0 4 3 4 6 7 8
472.0 5 0 3 4 6 7 8
473.0 5 1 3 4 6 7 8
474.0 6 0 1 3 4 6 7 8
475.0 5 2 3 4 6 7 8
476.0 6 0 2 3 4 6 7 8
477.0 6 1 2 3 4 6 7 8
478.0 7 0 1 2 3 4 6 7 8
479.0 3 5 6 7 8
480.0 4 0 5 6 7 8
481.0 4 1 5 6 7 8
482.0 5 0 1 5 6 7 8
483.0 4 2 5 6 7 8
484.0 5 0 2 5 6 7 8
485.0 5 1 2 5 6 7 8
486.0 6 0 1 2 5 6 7 8
487.0 4 3 5 6 7 8
488.0 5 0 3 5 6 7 8
489.0 5 1 3 5 6 7 8
490.0 6 0 1 3 5 6 7 8
491.0 5 2 3 5 6 7 8
492.0 6 0 2 3 5 6 7 8
493.0 6 1 2 3 5 6 7 8
494.0 7 0 1 2 3 5 6 7 8
495.0 4 4 5 6 7 8
496.0 5 0 4 5 6 7 8
497.0 5 1 4 5 6 7 8
498.0 6 0 1 4 5 6 7 8
499.0 5 2 4 5 6 7 8
500.0 6 0 2 4 5 6 7 8
501.0 6 1 2 4 5 6 7 8
502.0 7 0 1 2 4 5 6 7 8
503.0 5 3 4 5 6 7 8
504.0 6 0 3 4 5 6 7 8
505.0 6 1 3 4 5 6 7 8
506.0 7 0 1 3 4 5 6 7 8
507.0 6 2 3 4 5 6 7 8
508.0 7 0 2 3 4 5 6 7 8
509.0 7 1 2 3 4 5 6 7 8
510.0 8 0 1 2 3 4 5 6 7 8
511.0 0 9
512.0 1 0 9
513.0 1 1 9
514.0 2 0 1 9
515.0 1 2 9
516.0 2 0 2 9
517.0 2 1 2 9
518.0 3 0 1 2 9
519.0 1 3 9
520.0 2 0 3 9
521.0 2 1 3 9
522.0 3 0 1 3 9
523.0 2 2 3 9
524.0 3 0 2 3 9
525.0 3 1 2 3 9
526.0 4 0 1 2 3 9
527.0 1 4 9
528.0 2 0 4 9
529.0 2 1 4 9
530.0 3 0 1 4 9
531.0 2 2 4 9
532.0 3 0 2 4 9
533.0 3 1 2 4 9
534.0 4 0 1 2 4 9
535.0 2 3 4 9
536.0 3 0 3 4 9
537.0 3 1 3 4 9
538.0 4 0 1 3 4 9
539.0 3 2 3 4 9
540.0 4 0 2 3 4 9
541.0 4 1 2 3 4 9
542.0 5 0 1 2 3 4 9
543.0 1 5 9
544.0 2 0 5 9
545.0 2 1 5 9
546.0 3 0 1 5 9
547.0 2 2 5 9
548.0 3 0 2 5 9
549.0 3 1 2 5 9
550.0 4 0 1 2 5 9
551.0 2 3 5 9
552.0 3 0 3 5 9
553.0 3 1 3 5 9
554.0 4 0 1 3 5 9
555.0 3 2 3 5 9
556.0 4 0 2 3 5 9
557.0 4 1 2 3 5 9
558.0 5 0 1 2 3 5 9
559.0 2 4 5 9
560.0 3 0 4 5 9
561.0 3 1 4 5 9
562.0 4 0 1 4 5 9
563.0 3 2 4 5 9
564.0 4 0 2 4 5 9
565.0 4 1 2 4 5 9
566.0 5 0 1 2 4 5 9
567.0 3 3 4 5 9
568.0 4 0 3 4 5 9
569.0 4 1 3 4 5 9
570.0 5 0 1 3 4 5 9
571.0 4 2 3 4 5 9
572.0 5 0 2 3 4 5 9
573.0 5 1 2 3 4 5 9
574.0 6 0 1 2 3 4 5 9
575.0 1 6 9
576.0 2 0 6 9
577.0 2 1 6 9
578.0 3 0 1 6 9
579.0 2 2 6 9
580.0 3 0 2 6 9
581.0 3 1 2 6 9
582.0 4 0 1 2 6 9
583.0 2 3 6 9
584.0 3 0 3 6 9
585.0 3 1 3 6 9
586.0 4 0 1 3 6 9
587.0 3 2 3 6 9
588.0 4 0 2 3 6 9
589.0 4 1 2 3 6 9
590.0 5 0 1 2 3 6 9
591.0 2 4 6 9
592.0 3 0 4 6 9
593.0 3 1 4 6 9
594.0 4 0 1 4 6 9
595.0 3 2 4 6 9
596.0 4 0 2 4 6 9
597.0 4 1 2 4 6 9
598.0 5 0 1 2 4 6 9
599.0 3 3 4 6 9
600.0 4 0 3 4 6 9
601.0 4 1 3 4 6 9
602.0 5 0 1 3 4 6 9
603.0 4 2 3 4 6 9
604.0 5 0 2 3 4 6 9
605.0 5 1 2 3 4 6 9
606.0 6 0 1 2 3 4 6 9
607.0 2 5 6 9
608.0 3 0 5 6 9
609.0 3 1 5 6 9
610.0 4 0 1 5 6 9
611.0 3 2 5 6 9
612.0 4 0 2 5 6 9
613.0 4 1 2 5 6 9
614.0 5 0 1 2 5 6 9
615.0 3 3 5 6 9
616.0 4 0 3 5 6 9
617.0 4 1 3 5 6 9
618.0 5 0 1 3 5 6 9
619.0 4 2 3 5 6 9
620.0 5 0 2 3 5 6 9
621.0 5 1 2 3 5 6 9
622.0 6 0 1 2 3 5 6 9
623.0 3 4 5 6 9
624.0 4 0 4 5 6 9
625.0 4 1 4 5 6 9
626.0 5 0 1 4 5 6 9
627.0 4 2 4 5 6 9
628.0 5 0 2 4 5 6 9
629.0 5 1 2 4 5 6 9
630.0 6 0 1 2 4 5 6 9
631.0 4 3 4 5 6 9
632.0 5 0 3 4 5 6 9
633.0 5 1 3 4 5 6 9
634.0 6 0 1 3 4 5 6 9
635.0 5 2 3 4 5 6 9
636.0 6 0 2 3 4 5 6 9
637.0 6 1 2 3 4 5 6 9
638.0 7 0 1 2 3 4 5 6 9
639.0 1 7 9
640.0 2 0 7 9
641.0 2 1 7 9
642.0 3 0 1 7 9
643.0 2 2 7 9
644.0 3 0 2 7 9
645.0 3 1 2 7 9
646.0 4 0 1 2 7 9
647.0 2 3 7 9
648.0 3 0 3 7 9
649.0 3 1 3 7 9
650.0 4 0 1 3 7 9
651.0 3 2 3 7 9
652.0 4 0 2 3 7 9
653.0 4 1 2 3 7 9
654.0 5 0 1 2 3 7 9
655.0 2 4 7 9
656.0 3 0 4 7 9
657.0 3 1 4 7 9
658.0 4 0 1 4 7 9
659.0 3 2 4 7 9
660.0 4 0 2 4 7 9
661.0 4 1 2 4 7 9
662.0 5 0 1 2 4 7 9
663.0 3 3 4 7 9
664.0 4 0 3 4 7 9
665.0 4 1 3 4 7 9
666.0 5 0 1 3 4 7 9
667.0 4 2 3 4 7 9
668.0 5 0 2 3 4 7 9
669.0 5 1 2 3 4 7 9
670.0 6 0 1 2 3 4 7 9
671.0 2 5 7 9
672.0 3 0 5 7 9
673.0 3 1 5 7 9
674.0 4 0 1 5 7 9
675.0 3 2 5 7 9
676.0 4 0 2 5 7 9
677.0 4 1 2 5 7 9
678.0 5 0 1 2 5 7 9
679.0 3 3 5 7 9
680.0 4 0 3 5 7 9
681.0 4 1 3 5 7 9
682.0 5 0 1 3 5 7 9
683.0 4 2 3 5 7 9
684.0 5 0 2 3 5 7 9
685.0 5 1 2 3 5 7 9
686.0 6 0 1 2 3 5 7 9
687.0 3 4 5 7 9
688.0 4 0 4 5 7 9
689.0 4 1 4 5 7 9
690.0 5 0 1 4 5 7 9
691.0 4 2 4 5 7 9
692.0 5 0 2 4 5 7 9
693.0 5 1 2 4 5 7 9
694.0 6 0 1 2 4 5 7 9
695.0 4 3 4 5 7 9
696.0 5 0 3 4 5 7 9
697.0 5 1 3 4 5 7 9
698.0 6 0 1 3 4 5 7 9
699.0 5 2 3 4 5 7 9
700.0 6 0 2 3 4 5 7 9
701.0 6 1 2 3 4 5 7 9
702.0 7 0 1 2 3 4 5 7 9
703.0 2 6 7 9
704.0 3 0 6 7 9
705.0 3 1 6 7 9
706.0 4 0 1 6 7 9
707.0 3 2 6 7 9
708.0 4 0 2 6 7 9
709.0 4 1 2 6 7 9
710.0 5 0 1 2 6 7 9
711.0 3 3 6 7 9
712.0 4 0 3 6 7 9
713.0 4 1 3 6 7 9
714.0 5 0 1 3 6 7 9
715.0 4 2 3 6 7 9
716.0 5 0 2 3 6 7 9
717.0 5 1 2 3 6 7 9
718.0 6 0 1 2 3 6 7 9
719.0 3 4 6 7 9
720.0 4 0 4 6 7 9
721.0 4 1 4 6 7 9
722.0 5 0 1 4 6 7 9
723.0 4 2 4 6 7 9
724.0 5 0 2 4 6 7 9
725.0 5 1 2 4 6 7 9
726.0 6 0 1 2 4 6 7 9
727.0 4 3 4 6 7 9
728.0 5 0 3 4 6 7 9
729.0 5 1 3 4 6 7 9
730.0 6 0 1 3 4 6 7 9
731.0 5 2 3 4 6 7 9
732.0 6 0 2 3 4 6 7 9
733.0 6 1 2 3 4 6 7 9
734.0 7 0 1 2 3 4 6 7 9
735.0 3 5 6 7 9
736.0 4 0 5 6 7 9
737.0 4 1 5 6 7 9
738.0 5 0 1 5 6 7 9
739.0 4 2 5 6 7 9
740.0 5 0 2 5 6 7 9
741.0 5 1 2 5 6 7 9
742.0 6 0 1 2 5 6 7 9
743.0 4 3 5 6 7 9
744.0 5 0 3 5 6 7 9
745.0 5 1 3 5 6 7 9
746.0 6 0 1 3 5 6 7 9
747.0 5 2 3 5 6 7 9
748.0 6 0 2 3 5 6 7 9
749.0 6 1 2 3 5 6 7 9
750.0 7 0 1 2 3 5 6 7 9
751.0 4 4 5 6 7 9
752.0 5 0 4 5 6 7 9
753.0 5 1 4 5 6 7 9
754.0 6 0 1 4 5 6 7 9
755.0 5 2 4 5 6 7 9
756.0 6 0 2 4 5 6 7 9
757.0 6 1 2 4 5 6 7 9
758.0 7 0 1 2 4 5 6 7 9
759.0 5 3 4 5 6 7 9
760.0 6 0 3 4 5 6 7 9
761.0 6 1 3 4 5 6 7 9
762.0 7 0 1 3 4 5 6 7 9
763.0 6 2 3 4 5 6 7 9
764.0 7 0 2 3 4 5 6 7 9
765.0 7 1 2 3 4 5 6 7 9
766.0 8 0 1 2 3 4 5 6 7 9
767.0 1 8 9
768.0 2 0 8 9
769.0 2 1 8 9
770.0 3 0 1 8 9
771.0 2 2 8 9
772.0 3 0 2 8 9
773.0 3 1 2 8 9
774.0 4 0 1 2 8 9
775.0 2 3 8 9
776.0 3 0 3 8 9
777.0 3 1 3 8 9
778.0 4 0 1 3 8 9
779.0 3 2 3 8 9
780.0 4 0 2 3 8 9
781.0 4 1 2 3 8 9
782.0 5 0 1 2 3 8 9
783.0 2 4 8 9
784.0 3 0 4 8 9
785.0 3 1 4 8 9
786.0 4 0 1 4 8 9
787.0 3 2 4 8 9
788.0 4 0 2 4 8 9
789.0 4 1 2 4 8 9
790.0 5 0 1 2 4 8 9
791.0 3 3 4 8 9
792.0 4 0 3 4 8 9
793.0 4 1 3 4 8 9
794.0 5 0 1 3 4 8 9
795.0 4 2 3 4 8 9
796.0 5 0 2 3 4 8 9
797.0 5 1 2 3 4 8 9
798.0 6 0 1 2 3 4 8 9
799.0 2 5 8 9
800.0 3 0 5 8 9
801.0 3 1 5 8 9
802.0 4 0 1 5 8 9
803.0 3 2 5 8 9
804.0 4 0 2 5 8 9
805.0 4 1 2 5 8 9
806.0 5 0 1 2 5 8 9
807.0 3 3 5 8 9
808.0 4 0 3 5 8 9
809.0 4 1 3 5 8 9
810.0 5 0 1 3 5 8 9
811.0 4 2 3 5 8 9
812.0 5 0 2 3 5 8 9
813.0 5 1 2 3 5 8 9
814.0 6 0 1 2 3 5 8 9
815.0 3 4 5 8 9
816.0 4 0 4 5 8 9
817.0 4 1 4 5 8 9
818.0 5 0 1 4 5 8 9
819.0 4 2 4 5 8 9
820.0 5 0 2 4 5 8 9
821.0 5 1 2 4 5 8 9
822.0 6 0 1 2 4 5 8 9
823.0 4 3 4 5 8 9
824.0 5 0 3 4 5 8 9
825.0 5 1 3 4 5 8 9
826.0 6 0 1 3 4 5 8 9
827.0 5 2 3 4 5 8 9
828.0 6 0 2 3 4 5 8 9
829.0 6 1 2 3 4 5 8 9
830.0 7 0 1 2 3 4 5 8 9
831.0 2 6 8 9
832.0 3 0 6 8 9
833.0 3 1 6 8 9
834.0 4 0 1 6 8 9
835.0 3 2 6 8 9
836.0 4 0 2 6 8 9
837.0 4 1 2 6 8 9
838.0 5 0 1 2 6 8 9
839.0 3 3 6 8 9
840.0 4 0 3 6 8 9
841.0 4 1 3 6 8 9
842.0 5 0 1 3 6 8 9
843.0 4 2 3 6 8 9
844.0 5 0 2 3 6 8 9
845.0 5 1 2 3 6 8 9
846.0 6 0 1 2 3 6 8 9
847.0 3 4 6 8 9
848.0 4 0 4 6 8 9
849.0 4 1 4 6 8 9
850.0 5 0 1 4 6 8 9
851.0 4 2 4 6 8 9
852.0 5 0 2 4 6 8 9
853.0 5 1 2 4 6 8 9
854.0 6 0 1 2 4 6 8 9
855.0 4 3 4 6 8 9
856.0 5 0 3 4 6 8 9
857.0 5 1 3 4 6 8 9
858.0 6 0 1 3 4 6 8 9
859.0 5 2 3 4 6 8 9
860.0 6 0 2 3 4 6 8 9
861.0 6 1 2 3 4 6 8 9
862.0 7 0 1 2 3 4 6 8 9
863.0 3 5 6 8 9
864.0 4 0 5 6 8 9
865.0 4 1 5 6 8 9
866.0 5 0 1 5 6 8 9
867.0 4 2 5 6 8 9
868.0 5 0 2 5 6 8 9
869.0 5 1 2 5 6 8 9
870.0 6 0 1 2 5 6 8 9
871.0 4 3 5 6 8 9
872.0 5 0 3 5 6 8 9
873.0 5 1 3 5 6 8 9
874.0 6 0 1 3 5 6 8 9
875.0 5 2 3 5 6 8 9
876.0 6 0 2 3 5 6 8 9
877.0 6 1 2 3 5 6 8 9
878.0 7 0 1 2 3 5 6 8 9
879.0 4 4 5 6 8 9
880.0 5 0 4 5 6 8 9
881.0 5 1 4 5 6 8 9
882.0 6 0 1 4 5 6 8 9
883.0 5 2 4 5 6 8 9
884.0 6 0 2 4 5 6 8 9
885.0 6 1 2 4 5 6 8 9
886.0 7 0 1 2 4 5 6 8 9
887.0 5 3 4 5 6 8 9
888.0 6 0 3 4 5 6 8 9
889.0 6 1 3 4 5 6 8 9
890.0 7 0 1 3 4 5 6 8 9
891.0 6 2 3 4 5 6 8 9
892.0 7 0 2 3 4 5 6 8 9
893.0 7 1 2 3 4 5 6 8 9
894.0 8 0 1 2 3 4 5 6 8 9
895.0 2 7 8 9
896.0 3 0 7 8 9
897.0 3 1 7 8 9
898.0 4 0 1 7 8 9
899.0 3 2 7 8 9
900.0 4 0 2 7 8 9
901.0 4 1 2 7 8 9
902.0 5 0 1 2 7 8 9
903.0 3 3 7 8 9
904.0 4 0 3 7 8 9
905.0 4 1 3 7 8 9
906.0 5 0 1 3 7 8 9
907.0 4 2 3 7 8 9
908.0 5 0 2 3 7 8 9
909.0 5 1 2 3 7 8 9
910.0 6 0 1 2 3 7 8 9
911.0 3 4 7 8 9
912.0 4 0 4 7 8 9
913.0 4 1 4 7 8 9
914.0 5 0 1 4 7 8 9
915.0 4 2 4 7 8 9
916.0 5 0 2 4 7 8 9
917.0 5 1 2 4 7 8 9
918.0 6 0 1 2 4 7 8 9
919.0 4 3 4 7 8 9
920.0 5 0 3 4 7 8 9
921.0 5 1 3 4 7 8 9
922.0 6 0 1 3 4 7 8 9
923.0 5 2 3 4 7 8 9
924.0 6 0 2 3 4 7 8 9
925.0 6 1 2 3 4 7 8 9
926.0 7 0 1 2 3 4 7 8 9
927.0 3 5 7 8 9
928.0 4 0 5 7 8 9
929.0 4 1 5 7 8 9
930.0 5 0 1 5 7 8 9
931.0 4 2 5 7 8 9
932.0 5 0 2 5 7 8 9
933.0 5 1 2 5 7 8 9
934.0 6 0 1 2 5 7 8 9
935.0 4 3 5 7 8 9
936.0 5 0 3 5 7 8 9
937.0 5 1 3 5 7 8 9
938.0 6 0 1 3 5 7 8 9
939.0 5 2 3 5 7 8 9
940.0 6 0 2 3 5 7 8 9
941.0 6 1 2 3 5 7 8 9
942.0 7 0 1 2 3 5 7 8 9
943.0 4 4 5 7 8 9
944.0 5 0 4 5 7 8 9
945.0 5 1 4 5 7 8 9
946.0 6 0 1 4 5 7 8 9
947.0 5 2 4 5 7 8 9
948.0 6 0 2 4 5 7 8 9
949.0 6 1 2 4 5 7 8 9
950.0 7 0 1 2 4 5 7 8 9
951.0 5 3 4 5 7 8 9
952.0 6 0 3 4 5 7 8 9
953.0 6 1 3 4 5 7 8 9
954.0 7 0 1 3 4 5 7 8 9
955.0 6 2 3 4 5 7 8 9
956.0 7 0 2 3 4 5 7 8 9
957.0 7 1 2 3 4 5 7 8 9
958.0 8 0 1 2 3 4 5 7 8 9
959.0 3 6 7 8 9
960.0 4 0 6 7 8 9
961.0 4 1 6 7 8 9
962.0 5 0 1 6 7 8 9
963.0 4 2 6 7 8 9
964.0 5 0 2 6 7 8 9
965.0 5 1 2 6 7 8 9
966.0 6 0 1 2 6 7 8 9
967.0 4 3 6 7 8 9
968.0 5 0 3 6 7 8 9
969.0 5 1 3 6 7 8 9
970.0 6 0 1 3 6 7 8 9
971.0 5 2 3 6 7 8 9
972.0 6 0 2 3 6 7 8 9
973.0 6 1 2 3 6 7 8 9
974.0 7 0 1 2 3 6 7 8 9
975.0 4 4 6 7 8 9
976.0 5 0 4 6 7 8 9
977.0 5 1 4 6 7 8 9
978.0 6 0 1 4 6 7 8 9
979.0 5 2 4 6 7 8 9
980.0 6 0 2 4 6 7 8 9
981.0 6 1 2 4 6 7 8 9
982.0 7 0 1 2 4 6 7 8 9
983.0 5 3 4 6 7 8 9
984.0 6 0 3 4 6 7 8 9
985.0 6 1 3 4 6 7 8 9
986.0 7 0 1 3 4 6 7 8 9
987.0 6 2 3 4 6 7 8 9
988.0 7 0 2 3 4 6 7 8 9
989.0 7 1 2 3 4 6 7 8 9
990.0 8 0 1 2 3 4 6 7 8 9
991.0 4 5 6 7 8 9
992.0 5 0 5 6 7 8 9
993.0 5 1 5 6 7 8 9
994.0 6 0 1 5 6 7 8 9
995.0 5 2 5 6 7 8 9
996.0 6 0 2 5 6 7 8 9
997.0 6 1 2 5 6 7 8 9
998.0 7 0 1 2 5 6 7 8 9
999.0 5 3 5 6 7 8 9
1000.0 6 0 3 5 6 7 8 9
1001.0 6 1 3 5 6 7 8 9
1002.0 7 0 1 3 5 6 7 8 9
1003.0 6 2 3 5 6 7 8 9
1004.0 7 0 2 3 5 6 7 8 9
1005.0 7 1 2 3 5 6 7 8 9
1006.0 8 0 1 2 3 5 6 7 8 9
1007.0 5 4 5 6 7 8 9
1008.0 6 0 4 5 6 7 8 9
1009.0 6 1 4 5 6 7 8 9
1010.0 7 0 1 4 5 6 7 8 9
1011.0 6 2 4 5 6 7 8 9
1012.0 7 0 2 4 5 6 7 8 9
1013.0 7 1 2 4 5 6 7 8 9
1014.0 8 0 1 2 4 5 6 7 8 9
1015.0 6 3 4 5 6 7 8 9
1016.0 7 0 3 4 5 6 7 8 9
1017.0 7 1 3 4 5 6 7 8 9
1018.0 8 0 1 3 4 5 6 7 8 9
1019.0 7 2 3 4 5 6 7 8 9
1020.0 8 0 2 3 4 5 6 7 8 9
1021.0 8 1 2 3 4 5 6 7 8 9
1022.0 9 0 1 2 3 4 5 6 7 8 9
1023.0 0 10
1024.0 1 0 10
1025.0 1 1 10
1026.0 2 0 1 10
1027.0 1 2 10
1028.0 2 0 2 10
1029.0 2 1 2 10
1030.0 3 0 1 2 10
1031.0 1 3 10
1032.0 2 0 3 10
1033.0 2 1 3 10
1034.0 3 0 1 3 10
1035.0 2 2 3 10
1036.0 3 0 2 3 10
1037.0 3 1 2 3 10
1038.0 4 0 1 2 3 10
1039.0 1 4 10
1040.0 2 0 4 10
1041.0 2 1 4 10
1042.0 3 0 1 4 10
1043.0 2 2 4 10
1044.0 3 0 2 4 10
1045.0 3 1 2 4 10
1046.0 4 0 1 2 4 10
1047.0 2 3 4 10
1048.0 3 0 3 4 10
1049.0 3 1 3 4 10
1050.0 4 0 1 3 4 10
1051.0 3 2 3 4 10
1052.0 4 0 2 3 4 10
1053.0 4 1 2 3 4 10
1054.0 5 0 1 2 3 4 10
1055.0 1 5 10
1056.0 2 0 5 10
1057.0 2 1 5 10
1058.0 3 0 1 5 10
1059.0 2 2 5 10
1060.0 3 0 2 5 10
1061.0 3 1 2 5 10
1062.0 4 0 1 2 5 10
1063.0 2 3 5 10
1064.0 3 0 3 5 10
1065.0 3 1 3 5 10
1066.0 4 0 1 3 5 10
1067.0 3 2 3 5 10
1068.0 4 0 2 3 5 10
1069.0 4 1 2 3 5 10
1070.0 5 0 1 2 3 5 10
1071.0 2 4 5 10
1072.0 3 0 4 5 10
1073.0 3 1 4 5 10
1074.0 4 0 1 4 5 10
1075.0 3 2 4 5 10
1076.0 4 0 2 4 5 10
1077.0 4 1 2 4 5 10
1078.0 5 0 1 2 4 5 10
1079.0 3 3 4 5 10
1080.0 4 0 3 4 5 10
1081.0 4 1 3 4 5 10
1082.0 5 0 1 3 4 5 10
1083.0 4 2 3 4 5 10
1084.0 5 0 2 3 4 5 10
1085.0 5 1 2 3 4 5 10
1086.0 6 0 1 2 3 4 5 10
1087.0 1 6 10
1088.0 2 0 6 10
1089.0 2 1 6 10
1090.0 3 0 1 6 10
1091.0 2 2 6 10
1092.0 3 0 2 6 10
1093.0 3 1 2 6 10
1094.0 4 0 1 2 6 10
1095.0 2 3 6 10
1096.0 3 0 3 6 10
1097.0 3 1 3 6 10
1098.0 4 0 1 3 6 10
1099.0 3 2 3 6 10
1100.0 4 0 2 3 6 10
1101.0 4 1 2 3 6 10
1102.0 5 0 1 2 3 6 10
1103.0 2 4 6 10
1104.0 3 0 4 6 10
1105.0 3 1 4 6 10
1106.0 4 0 1 4 6 10
1107.0 3 2 4 6 10
1108.0 4 0 2 4 6 10
1109.0 4 1 2 4 6 10
1110.0 5 0 1 2 4 6 10
1111.0 3 3 4 6 10
1112.0 4 0 3 4 6 10
1113.0 4 1 3 4 6 10
1114.0 5 0 1 3 4 6 10
1115.0 4 2 3 4 6 10
1116.0 5 0 2 3 4 6 10
1117.0 5 1 2 3 4 6 10
1118.0 6 0 1 2 3 4 6 10
1119.0 2 5 6 10
1120.0 3 0 5 6 10
1121.0 3 1 5 6 10
1122.0 4 0 1 5 6 10
1123.0 3 2 5 6 10
1124.0 4 0 2 5 6 10
1125.0 4 1 2 5 6 10
1126.0 5 0 1 2 5 6 10
1127.0 3 3 5 6 10
1128.0 4 0 3 5 6 10
1129.0 4 1 3 5 6 10
1130.0 5 0 1 3 5 6 10
1131.0 4 2 3 5 6 10
1132.0 5 0 2 3 5 6 10
1133.0 5 1 2 3 5 6 10
1134.0 6 0 1 2 3 5 6 10
1135.0 3 4 5 6 10
1136.0 4 0 4 5 6 10
1137.0 4 1 4 5 6 10
1138.0 5 0 1 4 5 6 10
1139.0 4 2 4 5 6 10
1140.0 5 0 2 4 5 6 10
1141.0 5 1 2 4 5 6 10
1142.0 6 0 1 2 4 5 6 10
1143.0 4 3 4 5 6 10
1144.0 5 0 3 4 5 6 10
1145.0 5 1 3 4 5 6 10
1146.0 6 0 1 3 4 5 6 10
1147.0 5 2 3 4 5 6 10
1148.0 6 0 2 3 4 5 6 10
1149.0 6 1 2 3 4 5 6 10
1150.0 7 0 1 2 3 4 5 6 10
1151.0 1 7 10
1152.0 2 0 7 10
1153.0 2 1 7 10
1154.0 3 0 1 7 10
1155.0 2 2 7 10
1156.0 3 0 2 7 10
1157.0 3 1 2 7 10
1158.0 4 0 1 2 7 10
1159.0 2 3 7 10
1160.0 3 0 3 7 10
1161.0 3 1 3 7 10
1162.0 4 0 1 3 7 10
1163.0 3 2 3 7 10
1164.0 4 0 2 3 7 10
1165.0 4 1 2 3 7 10
1166.0 5 0 1 2 3 7 10
1167.0 2 4 7 10
1168.0 3 0 4 7 10
1169.0 3 1 4 7 10
1170.0 4 0 1 4 7 10
1171.0 3 2 4 7 10
1172.0 4 0 2 4 7 10
1173.0 4 1 2 4 7 10
1174.0 5 0 1 2 4 7 10
1175.0 3 3 4 7 10
1176.0 4 0 3 4 7 10
1177.0 4 1 3 4 7 10
1178.0 5 0 1 3 4 7 10
1179.0 4 2 3 4 7 10
1180.0 5 0 2 3 4 7 10
1181.0 5 1 2 3 4 7 10
1182.0 6 0 1 2 3 4 7 10
1183.0 2 5 7 10
1184.0 3 0 5 7 10
1185.0 3 1 5 7 10
1186.0 4 0 1 5 7 10
1187.0 3 2 5 7 10
1188.0 4 0 2 5 7 10
1189.0 4 1 2 5 7 10
1190.0 5 0 1 2 5 7 10
1191.0 3 3 5 7 10
1192.0 4 0 3 5 7 10
1193.0 4 1 3 5 7 10
1194.0 5 0 1 3 5 7 10
1195.0 4 2 3 5 7 10
1196.0 5 0 2 3 5 7 10
1197.0 5 1 2 3 5 7 10
1198.0 6 0 1 2 3 5 7 10
1199.0 3 4 5 7 10
1200.0 4 0 4 5 7 10
1201.0 4 1 4 5 7 10
1202.0 5 0 1 4 5 7 10
1203.0 4 2 4 5 7 10
1204.0 5 0 2 4 5 7 10
1205.0 5 1 2 4 5 7 10
1206.0 6 0 1 2 4 5 7 10
1207.0 4 3 4 5 7 10
1208.0 5 0 3 4 5 7 10
1209.0 5 1 3 4 5 7 10
1210.0 6 0 1 3 4 5 7 10
1211.0 5 2 3 4 5 7 10
1212.0 6 0 2 3 4 5 7 10
1213.0 6 1 2 3 4 5 7 10
1214.0 7 0 1 2 3 4 5 7 10
1215.0 2 6 7 10
1216.0 3 0 6 7 10
1217.0 3 1 6 7 10
1218.0 4 0 1 6 7 10
1219.0 3 2 6 7 10
1220.0 4 0 2 6 7 10
1221.0 4 1 2 6 7 10
1222.0 5 0 1 2 6 7 10
1223.0 3 3 6 7 10
1224.0 4 0 3 6 7 10
1225.0 4 1 3 6 7 10
1226.0 5 0 1 3 6 7 10
1227.0 4 2 3 6 7 10
1228.0 5 0 2 3 6 7 10
1229.0 5 1 2 3 6 7 10
1230.0 6 0 1 2 3 6 7 10
1231.0 3 4 6 7 10
1232.0 4 0 4 6 7 10
1233.0 4 1 4 6 7 10
1234.0 5 0 1 4 6 7 10
1235.0 4 2 4 6 7 10
1236.0 5 0 2 4 6 7 10
1237.0 5 1 2 4 6 7 10
1238.0 6 0 1 2 4 6 7 10
1239.0 4 3 4 6 7 10
1240.0 5 0 3 4 6 7 10
1241.0 5 1 3 4 6 7 10
1242.0 6 0 1 3 4 6 7 10
1243.0 5 2 3 4 6 7 10
1244.0 6 0 2 3 4 6 7 10
1245.0 6 1 2 3 4 6 7 10
1246.0 7 0 1 2 3 4 6 7 10
1247.0 3 5 6 7 10
1248.0 4 0 5 6 7 10
1249.0 4 1 5 6 7 10
1250.0 5 0 1 5 6 7 10
1251.0 4 2 5 6 7 10
1252.0 5 0 2 5 6 7 10
1253.0 5 1 2 5 6 7 10
1254.0 6 0 1 2 5 6 7 10
1255.0 4 3 5 6 7 10
1256.0 5 0 3 5 6 7 10
1257.0 5 1 3 5 6 7 10
1258.0 6 0 1 3 5 6 7 10
1259.0 5 2 3 5 6 7 10
1260.0 6 0 2 3 5 6 7 10
1261.0 6 1 2 3 5 6 7 10
1262.0 7 0 1 2 3 5 6 7 10
1263.0 4 4 5 6 7 10
1264.0 5 0 4 5 6 7 10
1265.0 5 1 4 5 6 7 10
1266.0 6 0 1 4 5 6 7 10
1267.0 5 2 4 5 6 7 10
1268.0 6 0 2 4 5 6 7 10
1269.0 6 1 2 4 5 6 7 10
1270.0 7 0 1 2 4 5 6 7 10
1271.0 5 3 4 5 6 7 10
1272.0 6 0 3 4 5 6 7 10
1273.0 6 1 3 4 5 6 7 10
1274.0 7 0 1 3 4 5 6 7 10
1275.0 6 2 3 4 5 6 7 10
1276.0 7 0 2 3 4 5 6 7 10
1277.0 7 1 2 3 4 5 6 7 10
1278.0 8 0 1 2 3 4 5 6 7 10
1279.0 1 8 10
1280.0 2 0 8 10
1281.0 2 1 8 10
1282.0 3 0 1 8 10
1283.0 2 2 8 10
1284.0 3 0 2 8 10
1285.0 3 1 2 8 10
1286.0 4 0 1 2 8 10
1287.0 2 3 8 10
1288.0 3 0 3 8 10
1289.0 3 1 3 8 10
1290.0 4 0 1 3 8 10
1291.0 3 2 3 8 10
1292.0 4 0 2 3 8 10
1293.0 4 1 2 3 8 10
1294.0 5 0 1 2 3 8 10
1295.0 2 4 8 10
1296.0 3 0 4 8 10
1297.0 3 1 4 8 10
1298.0 4 0 1 4 8 10
1299.0 3 2 4 8 10
1300.0 4 0 2 4 8 10
1301.0 4 1 2 4 8 10
1302.0 5 0 1 2 4 8 10
1303.0 3 3 4 8 10
1304.0 4 0 3 4 8 10
1305.0 4 1 3 4 8 10
1306.0 5 0 1 3 4 8 10
1307.0 4 2 3 4 8 10
1308.0 5 0 2 3 4 8 10
1309.0 5 1 2 3 4 8 10
1310.0 6 0 1 2 3 4 8 10
1311.0 2 5 8 10
1312.0 3 0 5 8 10
1313.0 3 1 5 8 10
1314.0 4 0 1 5 8 10
1315.0 3 2 5 8 10
1316.0 4 0 2 5 8 10
1317.0 4 1 2 5 8 10
1318.0 5 0 1 2 5 8 10
1319.0 3 3 5 8 10
1320.0 4 0 3 5 8 10
1321.0 4 1 3 5 8 10
1322.0 5 0 1 3 5 8 10
1323.0 4 2 3 5 8 10
1324.0 5 0 2 3 5 8 10
1325.0 5 1 2 3 5 8 10
1326.0 6 0 1 2 3 5 8 10
1327.0 3 4 5 8 10
1328.0 4 0 4 5 8 10
1329.0 4 1 4 5 8 10
1330.0 5 0 1 4 5 8 10
1331.0 4 2 4 5 8 10
1332.0 5 0 2 4 5 8 10
1333.0 5 1 2 4 5 8 10
1334.0 6 0 1 2 4 5 8 10
1335.0 4 3 4 5 8 10
1336.0 5 0 3 4 5 8 10
1337.0 5 1 3 4 5 8 10
1338.0 6 0 1 3 4 5 8 10
1339.0 5 2 3 4 5 8 10
1340.0 6 0 2 3 4 5 8 10
1341.0 6 1 2 3 4 5 8 10
1342.0 7 0 1 2 3 4 5 8 10
1343.0 2 6 8 10
1344.0 3 0 6 8 10
1345.0 3 1 6 8 10
1346.0 4 0 1 6 8 10
1347.0 3 2 6 8 10
1348.0 4 0 2 6 8 10
1349.0 4 1 2 6 8 10
1350.0 5 0 1 2 6 8 10
1351.0 3 3 6 8 10
1352.0 4 0 3 6 8 10
1353.0 4 1 3 6 8 10
1354.0 5 0 1 3 6 8 10
1355.0 4 2 3 6 8 10
1356.0 5 0 2 3 6 8 10
1357.0 5 1 2 3 6 8 10
1358.0 6 0 1 2 3 6 8 10
1359.0 3 4 6 8 10
1360.0 4 0 4 6 8 10
1361.0 4 1 4 6 8 10
1362.0 5 0 1 4 6 8 10
1363.0 4 2 4 6 8 10
1364.0 5 0 2 4 6 8 10
1365.0 5 1 2 4 6 8 10
1366.0 6 0 1 2 4 6 8 10
1367.0 4 3 4 6 8 10
1368.0 5 0 3 4 6 8 10
1369.0 5 1 3 4 6 8 10
1370.0 6 0 1 3 4 6 8 10
1371.0 5 2 3 4 6 8 10
1372.0 6 0 2 3 4 6 8 10
1373.0 6 1 2 3 4 6 8 10
1374.0 7 0 1 2 3 4 6 8 10
1375.0 3 5 6 8 10
1376.0 4 0 5 6 8 10
1377.0 4 1 5 6 8 10
1378.0 5 0 1 5 6 8 10
1379.0 4 2 5 6 8 10
1380.0 5 0 2 5 6 8 10
1381.0 5 1 2 5 6 8 10
1382.0 6 0 1 2 5 6 8 10
1383.0 4 3 5 6 8 10
1384.0 5 0 3 5 6 8 10
1385.0 5 1 3 5 6 8 10
1386.0 6 0 1 3 5 6 8 10
1387.0 5 2 3 5 6 8 10
1388.0 6 0 2 3 5 6 8 10
1389.0 6 1 2 3 5 6 8 10
1390.0 7 0 1 2 3 5 6 8 10
1391.0 4 4 5 6 8 10
1392.0 5 0 4 5 6 8 10
1393.0 5 1 4 5 6 8 10
1394.0 6 0 1 4 5 6 8 10
1395.0 5 2 4 5 6 8 10
1396.0 6 0 2 4 5 6 8 10
1397.0 6 1 2 4 5 6 8 10
1398.0 7 0 1 2 4 5 6 8 10
1399.0 5 3 4 5 6 8 10
1400.0 6 0 3 4 5 6 8 10
1401.0 6 1 3 4 5 6 8 10
1402.0 7 0 1 3 4 5 6 8 10
1403.0 6 2 3 4 5 6 8 10
1404.0 7 0 2 3 4 5 6 8 10
1405.0 7 1 2 3 4 5 6 8 10
1406.0 8 0 1 2 3 4 5 6 8 10
1407.0 2 7 8 10
1408.0 3 0 7 8 10
1409.0 3 1 7 8 10
1410.0 4 0 1 7 8 10
1411.0 3 2 7 8 10
1412.0 4 0 2 7 8 10
1413.0 4 1 2 7 8 10
1414.0 5 0 1 2 7 8 10
1415.0 3 3 7 8 10
1416.0 4 0 3 7 8 10
1417.0 4 1 3 7 8 10
1418.0 5 0 1 3 7 8 10
1419.0 4 2 3 7 8 10
1420.0 5 0 2 3 7 8 10
1421.0 5 1 2 3 7 8 10
1422.0 6 0 1 2 3 7 8 10
1423.0 3 4 7 8 10
1424.0 4 0 4 7 8 10
1425.0 4 1 4 7 8 10
1426.0 5 0 1 4 7 8 10
1427.0 4 2 4 7 8 10
1428.0 5 0 2 4 7 8 10
1429.0 5 1 2 4 7 8 10
1430.0 6 0 1 2 4 7 8 10
1431.0 4 3 4 7 8 10
1432.0 5 0 3 4 7 8 10
1433.0 5 1 3 4 7 8 10
1434.0 6 0 1 3 4 7 8 10
1435.0 5 2 3 4 7 8 10
1436.0 6 0 2 3 4 7 8 10
1437.0 6 1 2 3 4 7 8 10
1438.0 7 0 1 2 3 4 7 8 10
1439.0 3 5 7 8 10
1440.0 4 0 5 7 8 10
1441.0 4 1 5 7 8 10
1442.0 5 0 1 5 7 8 10
1443.0 4 2 5 7 8 10
1444.0 5 0 2 5 7 8 10
1445.0 5 1 2 5 7 8 10
1446.0 6 0 1 2 5 7 8 10
1447.0 4 3 5 7 8 10
1448.0 5 0 3 5 7 8 10
1449.0 5 1 3 5 7 8 10
1450.0 6 0 1 3 5 7 8 10
1451.0 5 2 3 5 7 8 10
1452.0 6 0 2 3 5 7 8 10
1453.0 6 1 2 3 5 7 8 10
1454.0 7 0 1 2 3 5 7 8 10
1455.0 4 4 5 7 8 10
1456.0 5 0 4 5 7 8 10
1457.0 5 1 4 5 7 8 10
1458.0 6 0 1 4 5 7 8 10
1459.0 5 2 4 5 7 8 10
1460.0 6 0 2 4 5 7 8 10
1461.0 6 1 2 4 5 7 8 10
1462.0 7 0 1 2 4 5 7 8 10
1463.0 5 3 4 5 7 8 10
1464.0 6 0 3 4 5 7 8 10
1465.0 6 1 3 4 5 7 8 10
1466.0 7 0 1 3 4 5 7 8 10
1467.0 6 2 3 4 5 7 8 10
1468.0 7 0 2 3 4 5 7 8 10
1469.0 7 1 2 3 4 5 7 8 10
1470.0 8 0 1 2 3 4 5 7 8 10
1471.0 3 6 7 8 10
1472.0 4 0 6 7 8 10
1473.0 4 1 6 7 8 10
1474.0 5 0 1 6 7 8 10
1475.0 4 2 6 7 8 10
1476.0 5 0 2 6 7 8 10
1477.0 5 1 2 6 7 8 10
1478.0 6 0 1 2 6 7 8 10
1479.0 4 3 6 7 8 10
1480.0 5 0 3 6 7 8 10
1481.0 5 1 3 6 7 8 10
1482.0 6 0 1 3 6 7 8 10
1483.0 5 2 3 6 7 8 10
1484.0 6 0 2 3 6 7 8 10
1485.0 6 1 2 3 6 7 8 10
1486.0 7 0 1 2 3 6 7 8 10
1487.0 4 4 6 7 8 10
1488.0 5 0 4 6 7 8 10
1489.0 5 1 4 6 7 8 10
1490.0 6 0 1 4 6 7 8 10
1491.0 5 2 4 6 7 8 10
1492.0 6 0 2 4 6 7 8 10
1493.0 6 1 2 4 6 7 8 10
1494.0 7 0 1 2 4 6 7 8 10
1495.0 5 3 4 6 7 8 10
1496.0 6 0 3 4 6 7 8 10
1497.0 6 1 3 4 6 7 8 10
1498.0 7 0 1 3 4 6 7 8 10
1499.0 6 2 3 4 6 7 8 10
1500.0 7 0 2 3 4 6 7 8 10
1501.0 7 1 2 3 4 6 7 8 10
1502.0 8 0 1 2 3 4 6 7 8 10
1503.0 4 5 6 7 8 10
1504.0 5 0 5 6 7 8 10
1505.0 5 1 5 6 7 8 10
1506.0 6 0 1 5 6 7 8 10
1507.0 5 2 5 6 7 8 10
1508.0 6 0 2 5 6 7 8 10
1509.0 6 1 2 5 6 7 8 10
1510.0 7 0 1 2 5 6 7 8 10
1511.0 5 3 5 6 7 8 10
1512.0 6 0 3 5 6 7 8 10
1513.0 6 1 3 5 6 7 8 10
1514.0 7 0 1 3 5 6 7 8 10
1515.0 6 2 3 5 6 7 8 10
1516.0 7 0 2 3 5 6 7 8 10
1517.0 7 1 2 3 5 6 7 8 10
1518.0 8 0 1 2 3 5 6 7 8 10
1519.0 5 4 5 6 7 8 10
1520.0 6 0 4 5 6 7 8 10
1521.0 6 1 4 5 6 7 8 10
1522.0 7 0 1 4 5 6 7 8 10
1523.0 6 2 4 5 6 7 8 10
1524.0 7 0 2 4 5 6 7 8 10
1525.0 7 1 2 4 5 6 7 8 10
1526.0 8 0 1 2 4 5 6 7 8 10
1527.0 6 3 4 5 6 7 8 10
1528.0 7 0 3 4 5 6 7 8 10
1529.0 7 1 3 4 5 6 7 8 10
1530.0 8 0 1 3 4 5 6 7 8 10
1531.0 7 2 3 4 5 6 7 8 10
1532.0 8 0 2 3 4 5 6 7 8 10
1533.0 8 1 2 3 4 5 6 7 8 10
1534.0 9 0 1 2 3 4 5 6 7 8 10
1535.0 1 9 10
1536.0 2 0 9 10
1537.0 2 1 9 10
1538.0 3 0 1 9 10
1539.0 2 2 9 10
1540.0 3 0 2 9 10
1541.0 3 1 2 9 10
1542.0 4 0 1 2 9 10
1543.0 2 3 9 10
1544.0 3 0 3 9 10
1545.0 3 1 3 9 10
1546.0 4 0 1 3 9 10
1547.0 3 2 3 9 10
1548.0 4 0 2 3 9 10
1549.0 4 1 2 3 9 10
1550.0 5 0 1 2 3 9 10
1551.0 2 4 9 10
1552.0 3 0 4 9 10
1553.0 3 1 4 9 10
1554.0 4 0 1 4 9 10
1555.0 3 2 4 9 10
1556.0 4 0 2 4 9 10
1557.0 4 1 2 4 9 10
1558.0 5 0 1 2 4 9 10
1559.0 3 3 4 9 10
1560.0 4 0 3 4 9 10
1561.0 4 1 3 4 9 10
1562.0 5 0 1 3 4 9 10
1563.0 4 2 3 4 9 10
1564.0 5 0 2 3 4 9 10
1565.0 5 1 2 3 4 9 10
1566.0 6 0 1 2 3 4 9 10
1567.0 2 5 9 10
1568.0 3 0 5 9 10
1569.0 3 1 5 9 10
1570.0 4 0 1 5 9 10
1571.0 3 2 5 9 10
1572.0 4 0 2 5 9 10
1573.0 4 1 2 5 9 10
1574.0 5 0 1 2 5 9 10
1575.0 3 3 5 9 10
1576.0 4 0 3 5 9 10
1577.0 4 1 3 5 9 10
1578.0 5 0 1 3 5 9 10
1579.0 4 2 3 5 9 10
1580.0 5 0 2 3 5 9 10
1581.0 5 1 2 3 5 9 10
1582.0 6 0 1 2 3 5 9 10
1583.0 3 4 5 9 10
1584.0 4 0 4 5 9 10
1585.0 4 1 4 5 9 10
1586.0 5 0 1 4 5 9 10
1587.0 4 2 4 5 9 10
1588.0 5 0 2 4 5 9 10
1589.0 5 1 2 4 5 9 10
1590.0 6 0 1 2 4 5 9 10
1591.0 4 3 4 5 9 10
1592.0 5 0 3 4 5 9 10
1593.0 5 1 3 4 5 9 10
1594.0 6 0 1 3 4 5 9 10
1595.0 5 2 3 4 5 9 10
1596.0 6 0 2 3 4 5 9 10
1597.0 6 1 2 3 4 5 9 10
1598.0 7 0 1 2 3 4 5 9 10
1599.0 2 6 9 10
1600.0 3 0 6 9 10
1601.0 3 1 6 9 10
1602.0 4 0 1 6 9 10
1603.0 3 2 6 9 10
1604.0 4 0 2 6 9 10
1605.0 4 1 2 6 9 10
1606.0 5 0 1 2 6 9 10
1607.0 3 3 6 9 10
1608.0 4 0 3 6 9 10
1609.0 4 1 3 6 9 10
1610.0 5 0 1 3 6 9 10
1611.0 4 2 3 6 9 10
1612.0 5 0 2 3 6 9 10
1613.0 5 1 2 3 6 9 10
1614.0 6 0 1 2 3 6 9 10
1615.0 3 4 6 9 10
1616.0 4 0 4 6 9 10
1617.0 4 1 4 6 9 10
1618.0 5 0 1 4 6 9 10
1619.0 4 2 4 6 9 10
1620.0 5 0 2 4 6 9 10
1621.0 5 1 2 4 6 9 10
1622.0 6 0 1 2 4 6 9 10
1623.0 4 3 4 6 9 10
1624.0 5 0 3 4 6 9 10
1625.0 5 1 3 4 6 9 10
1626.0 6 0 1 3 4 6 9 10
1627.0 5 2 3 4 6 9 10
1628.0 6 0 2 3 4 6 9 10
1629.0 6 1 2 3 4 6 9 10
1630.0 7 0 1 2 3 4 6 9 10
1631.0 3 5 6 9 10
1632.0 4 0 5 6 9 10
1633.0 4 1 5 6 9 10
1634.0 5 0 1 5 6 9 10
1635.0 4 2 5 6 9 10
1636.0 5 0 2 5 6 9 10
1637.0 5 1 2 5 6 9 10
1638.0 6 0 1 2 5 6 9 10
1639.0 4 3 5 6 9 10
1640.0 5 0 3 5 6 9 10
1641.0 5 1 3 5 6 9 10
1642.0 6 0 1 3 5 6 9 10
1643.0 5 2 3 5 6 9 10
1644.0 6 0 2 3 5 6 9 10
1645.0 6 1 2 3 5 6 9 10
1646.0 7 0 1 2 3 5 6 9 10
1647.0 4 4 5 6 9 10
1648.0 5 0 4 5 6 9 10
1649.0 5 1 4 5 6 9 10
1650.0 6 0 1 4 5 6 9 10
1651.0 5 2 4 5 6 9 10
1652.0 6 0 2 4 5 6 9 10
1653.0 6 1 2 4 5 6 9 10
1654.0 7 0 1 2 4 5 6 9 10
1655.0 5 3 4 5 6 9 10
1656.0 6 0 3 4 5 6 9 10
1657.0 6 1 3 4 5 6 9 10
1658.0 7 0 1 3 4 5 6 9 10
1659.0 6 2 3 4 5 6 9 10
1660.0 7 0 2 3 4 5 6 9 10
1661.0 7 1 2 3 4 5 6 9 10
1662.0 8 0 1 2 3 4 5 6 9 10
1663.0 2 7 9 10
1664.0 3 0 7 9 10
1665.0 3 1 7 9 10
1666.0 4 0 1 7 9 10
1667.0 3 2 7 9 10
1668.0 4 0 2 7 9 10
1669.0 4 1 2 7 9 10
1670.0 5 0 1 2 7 9 10
1671.0 3 3 7 9 10
1672.0 4 0 3 7 9 10
1673.0 4 1 3 7 9 10
1674.0 5 0 1 3 7 9 10
1675.0 4 2 3 7 9 10
1676.0 5 0 2 3 7 9 10
1677.0 5 1 2 3 7 9 10
1678.0 6 0 1 2 3 7 9 10
1679.0 3 4 7 9 10
1680.0 4 0 4 7 9 10
1681.0 4 1 4 7 9 10
1682.0 5 0 1 4 7 9 10
1683.0 4 2 4 7 9 10
1684.0 5 0 2 4 7 9 10
1685.0 5 1 2 4 7 9 10
1686.0 6 0 1 2 4 7 9 10
1687.0 4 3 4 7 9 10
1688.0 5 0 3 4 7 9 10
1689.0 5 1 3 4 7 9 10
1690.0 6 0 1 3 4 7 9 10
1691.0 5 2 3 4 7 9 10
1692.0 6 0 2 3 4 7 9 10
1693.0 6 1 2 3 4 7 9 10
1694.0 7 0 1 2 3 4 7 9 10
1695.0 3 5 7 9 10
1696.0 4 0 5 7 9 10
1697.0 4 1 5 7 9 10
1698.0 5 0 1 5 7 9 10
1699.0 4 2 5 7 9 10
1700.0 5 0 2 5 7 9 10
1701.0 5 1 2 5 7 9 10
1702.0 6 0 1 2 5 7 9 10
1703.0 4 3 5 7 9 10
1704.0 5 0 3 5 7 9 10
1705.0 5 1 3 5 7 9 10
1706.0 6 0 1 3 5 7 9 10
1707.0 5 2 3 5 7 9 10
1708.0 6 0 2 3 5 7 9 10
1709.0 6 1 2 3 5 7 9 10
1710.0 7 0 1 2 3 5 7 9 10
1711.0 4 4 5 7 9 10
1712.0 5 0 4 5 7 9 10
1713.0 5 1 4 5 7 9 10
1714.0 6 0 1 4 5 7 9 10
1715.0 5 2 4 5 7 9 10
1716.0 6 0 2 4 5 7 9 10
1717.0 6 1 2 4 5 7 9 10
1718.0 7 0 1 2 4 5 7 9 10
1719.0 5 3 4 5 7 9 10
1720.0 6 0 3 4 5 7 9 10
1721.0 6 1 3 4 5 7 9 10
1722.0 7 0 1 3 4 5 7 9 10
1723.0 6 2 3 4 5 7 9 10
1724.0 7 0 2 3 4 5 7 9 10
1725.0 7 1 2 3 4 5 7 9 10
1726.0 8 0 1 2 3 4 5 7 9 10
1727.0 3 6 7 9 10
1728.0 4 0 6 7 9 10
1729.0 4 1 6 7 9 10
1730.0 5 0 1 6 7 9 10
1731.0 4 2 6 7 9 10
1732.0 5 0 2 6 7 9 10
1733.0 5 1 2 6 7 9 10
1734.0 6 0 1 2 6 7 9 10
1735.0 4 3 6 7 9 10
1736.0 5 0 3 6 7 9 10
1737.0 5 1 3 6 7 9 10
1738.0 6 0 1 3 6 7 9 10
1739.0 5 2 3 6 7 9 10
1740.0 6 0 2 3 6 7 9 10
1741.0 6 1 2 3 6 7 9 10
1742.0 7 0 1 2 3 6 7 9 10
1743.0 4 4 6 7 9 10
1744.0 5 0 4 6 7 9 10
1745.0 5 1 4 6 7 9 10
1746.0 6 0 1 4 6 7 9 10
1747.0 5 2 4 6 7 9 10
1748.0 6 0 2 4 6 7 9 10
1749.0 6 1 2 4 6 7 9 10
1750.0 7 0 1 2 4 6 7 9 10
1751.0 5 3 4 6 7 9 10
1752.0 6 0 3 4 6 7 9 10
1753.0 6 1 3 4 6 7 9 10
1754.0 7 0 1 3 4 6 7 9 10
1755.0 6 2 3 4 6 7 9 10
1756.0 7 0 2 3 4 6 7 9 10
1757.0 7 1 2 3 4 6 7 9 10
1758.0 8 0 1 2 3 4 6 7 9 10
1759.0 4 5 6 7 9 10
1760.0 5 0 5 6 7 9 10
1761.0 5 1 5 6 7 9 10
1762.0 6 0 1 5 6 7 9 10
1763.0 5 2 5 6 7 9 10
1764.0 6 0 2 5 6 7 9 10
1765.0 6 1 2 5 6 7 9 10
1766.0 7 0 1 2 5 6 7 9 10
1767.0 5 3 5 6 7 9 10
1768.0 6 0 3 5 6 7 9 10
1769.0 6 1 3 5 6 7 9 10
1770.0 7 0 1 3 5 6 7 9 10
1771.0 6 2 3 5 6 7 9 10
1772.0 7 0 2 3 5 6 7 9 10
1773.0 7 1 2 3 5 6 7 9 10
1774.0 8 0 1 2 3 5 6 7 9 10
1775.0 5 4 5 6 7 9 10
1776.0 6 0 4 5 6 7 9 10
1777.0 6 1 4 5 6 7 9 10
1778.0 7 0 1 4 5 6 7 9 10
1779.0 6 2 4 5 6 7 9 10
1780.0 7 0 2 4 5 6 7 9 10
1781.0 7 1 2 4 5 6 7 9 10
1782.0 8 0 1 2 4 5 6 7 9 10
1783.0 6 3 4 5 6 7 9 10
1784.0 7 0 3 4 5 6 7 9 10
1785.0 7 1 3 4 5 6 7 9 10
1786.0 8 0 1 3 4 5 6 7 9 10
1787.0 7 2 3 4 5 6 7 9 10
1788.0 8 0 2 3 4 5 6 7 9 10
1789.0 8 1 2 3 4 5 6 7 9 10
1790.0 9 0 1 2 3 4 5 6 7 9 10
1791.0 2 8 9 10
1792.0 3 0 8 9 10
1793.0 3 1 8 9 10
1794.0 4 0 1 8 9 10
1795.0 3 2 8 9 10
1796.0 4 0 2 8 9 10
1797.0 4 1 2 8 9 10
1798.0 5 0 1 2 8 9 10
1799.0 3 3 8 9 10
1800.0 4 0 3 8 9 10
1801.0 4 1 3 8 9 10
1802.0 5 0 1 3 8 9 10
1803.0 4 2 3 8 9 10
1804.0 5 0 2 3 8 9 10
1805.0 5 1 2 3 8 9 10
1806.0 6 0 1 2 3 8 9 10
1807.0 3 4 8 9 10
1808.0 4 0 4 8 9 10
1809.0 4 1 4 8 9 10
1810.0 5 0 1 4 8 9 10
1811.0 4 2 4 8 9 10
1812.0 5 0 2 4 8 9 10
1813.0 5 1 2 4 8 9 10
1814.0 6 0 1 2 4 8 9 10
1815.0 4 3 4 8 9 10
1816.0 5 0 3 4 8 9 10
1817.0 5 1 3 4 8 9 10
1818.0 6 0 1 3 4 8 9 10
1819.0 5 2 3 4 8 9 10
1820.0 6 0 2 3 4 8 9 10
1821.0 6 1 2 3 4 8 9 10
1822.0 7 0 1 2 3 4 8 9 10
1823.0 3 5 8 9 10
1824.0 4 0 5 8 9 10
1825.0 4 1 5 8 9 10
1826.0 5 0 1 5 8 9 10
1827.0 4 2 5 8 9 10
1828.0 5 0 2 5 8 9 10
1829.0 5 1 2 5 8 9 10
1830.0 6 0 1 2 5 8 9 10
1831.0 4 3 5 8 9 10
1832.0 5 0 3 5 8 9 10
1833.0 5 1 3 5 8 9 10
1834.0 6 0 1 3 5 8 9 10
1835.0 5 2 3 5 8 9 10
1836.0 6 0 2 3 5 8 9 10
1837.0 6 1 2 3 5 8 9 10
1838.0 7 0 1 2 3 5 8 9 10
1839.0 4 4 5 8 9 10
1840.0 5 0 4 5 8 9 10
1841.0 5 1 4 5 8 9 10
1842.0 6 0 1 4 5 8 9 10
1843.0 5 2 4 5 8 9 10
1844.0 6 0 2 4 5 8 9 10
1845.0 6 1 2 4 5 8 9 10
1846.0 7 0 1 2 4 5 8 9 10
1847.0 5 3 4 5 8 9 10
1848.0 6 0 3 4 5 8 9 10
1849.0 6 1 3 4 5 8 9 10
1850.0 7 0 1 3 4 5 8 9 10
1851.0 6 2 3 4 5 8 9 10
1852.0 7 0 2 3 4 5 8 9 10
1853.0 7 1 2 3 4 5 8 9 10
1854.0 8 0 1 2 3 4 5 8 9 10
1855.0 3 6 8 9 10
1856.0 4 0 6 8 9 10
1857.0 4 1 6 8 9 10
1858.0 5 0 1 6 8 9 10
1859.0 4 2 6 8 9 10
1860.0 5 0 2 6 8 9 10
1861.0 5 1 2 6 8 9 10
1862.0 6 0 1 2 6 8 9 10
1863.0 4 3 6 8 9 10
1864.0 5 0 3 6 8 9 10
1865.0 5 1 3 6 8 9 10
1866.0 6 0 1 3 6 8 9 10
1867.0 5 2 3 6 8 9 10
1868.0 6 0 2 3 6 8 9 10
1869.0 6 1 2 3 6 8 9 10
1870.0 7 0 1 2 3 6 8 9 10
1871.0 4 4 6 8 9 10
1872.0 5 0 4 6 8 9 10
1873.0 5 1 4 6 8 9 10
1874.0 6 0 1 4 6 8 9 10
1875.0 5 2 4 6 8 9 10
1876.0 6 0 2 4 6 8 9 10
1877.0 6 1 2 4 6 8 9 10
1878.0 7 0 1 2 4 6 8 9 10
1879.0 5 3 4 6 8 9 10
1880.0 6 0 3 4 6 8 9 10
1881.0 6 1 3 4 6 8 9 10
1882.0 7 0 1 3 4 6 8 9 10
1883.0 6 2 3 4 6 8 9 10
1884.0 7 0 2 3 4 6 8 9 10
1885.0 7 1 2 3 4 6 8 9 10
1886.0 8 0 1 2 3 4 6 8 9 10
1887.0 4 5 6 8 9 10
1888.0 5 0 5 6 8 9 10
1889.0 5 1 5 6 8 9 10
1890.0 6 0 1 5 6 8 9 10
1891.0 5 2 5 6 8 9 10
1892.0 6 0 2 5 6 8 9 10
1893.0 6 1 2 5 6 8 9 10
1894.0 7 0 1 2 5 6 8 9 10
1895.0 5 3 5 6 8 9 10
1896.0 6 0 3 5 6 8 9 10
1897.0 6 1 3 5 6 8 9 10
1898.0 7 0 1 3 5 6 8 9 10
1899.0 6 2 3 5 6 8 9 10
1900.0 7 0 2 3 5 6 8 9 10
1901.0 7 1 2 3 5 6 8 9 10
1902.0 8 0 1 2 3 5 6 8 9 10
1903.0 5 4 5 6 8 9 10
1904.0 6 0 4 5 6 8 9 10
1905.0 6 1 4 5 6 8 9 10
1906.0 7 0 1 4 5 6 8 9 10
1907.0 6 2 4 5 6 8 9 10
1908.0 7 0 2 4 5 6 8 9 10
1909.0 7 1 2 4 5 6 8 9 10
1910.0 8 0 1 2 4 5 6 8 9 10
1911.0 6 3 4 5 6 8 9 10
1912.0 7 0 3 4 5 6 8 9 10
1913.0 7 1 3 4 5 6 8 9 10
1914.0 8 0 1 3 4 5 6 8 9 10
1915.0 7 2 3 4 5 6 8 9 10
1916.0 8 0 2 3 4 5 6 8 9 10
1917.0 8 1 2 3 4 5 6 8 9 10
1918.0 9 0 1 2 3 4 5 6 8 9 10
1919.0 3 7 8 9 10
1920.0 4 0 7 8 9 10
1921.0 4 1 7 8 9 10
1922.0 5 0 1 7 8 9 10
1923.0 4 2 7 8 9 10
1924.0 5 0 2 7 8 9 10
1925.0 5 1 2 7 8 9 10
1926.0 6 0 1 2 7 8 9 10
1927.0 4 3 7 8 9 10
1928.0 5 0 3 7 8 9 10
1929.0 5 1 3 7 8 9 10
1930.0 6 0 1 3 7 8 9 10
1931.0 5 2 3 7 8 9 10
1932.0 6 0 2 3 7 8 9 10
1933.0 6 1 2 3 7 8 9 10
1934.0 7 0 1 2 3 7 8 9 10
1935.0 4 4 7 8 9 10
1936.0 5 0 4 7 8 9 10
1937.0 5 1 4 7 8 9 10
1938.0 6 0 1 4 7 8 9 10
1939.0 5 2 4 7 8 9 10
1940.0 6 0 2 4 7 8 9 10
1941.0 6 1 2 4 7 8 9 10
1942.0 7 0 1 2 4 7 8 9 10
1943.0 5 3 4 7 8 9 10
1944.0 6 0 3 4 7 8 9 10
1945.0 6 1 3 4 7 8 9 10
1946.0 7 0 1 3 4 7 8 9 10
1947.0 6 2 3 4 7 8 9 10
1948.0 7 0 2 3 4 7 8 9 10
1949.0 7 1 2 3 4 7 8 9 10
1950.0 8 0 1 2 3 4 7 8 9 10
1951.0 4 5 7 8 9 10
1952.0 5 0 5 7 8 9 10
1953.0 5 1 5 7 8 9 10
1954.0 6 0 1 5 7 8 9 10
1955.0 5 2 5 7 8 9 10
1956.0 6 0 2 5 7 8 9 10
1957.0 6 1 2 5 7 8 9 10
1958.0 7 0 1 2 5 7 8 9 10
1959.0 5 3 5 7 8 9 10
1960.0 6 0 3 5 7 8 9 10
1961.0 6 1 3 5 7 8 9 10
1962.0 7 0 1 3 5 7 8 9 10
1963.0 6 2 3 5 7 8 9 10
1964.0 7 0 2 3 5 7 8 9 10
1965.0 7 1 2 3 5 7 8 9 10
1966.0 8 0 1 2 3 5 7 8 9 10
1967.0 5 4 5 7 8 9 10
1968.0 6 0 4 5 7 8 9 10
1969.0 6 1 4 5 7 8 9 10
1970.0 7 0 1 4 5 7 8 9 10
1971.0 6 2 4 5 7 8 9 10
1972.0 7 0 2 4 5 7 8 9 10
1973.0 7 1 2 4 5 7 8 9 10
1974.0 8 0 1 2 4 5 7 8 9 10
1975.0 6 3 4 5 7 8 9 10
1976.0 7 0 3 4 5 7 8 9 10
1977.0 7 1 3 4 5 7 8 9 10
1978.0 8 0 1 3 4 5 7 8 9 10
1979.0 7 2 3 4 5 7 8 9 10
1980.0 8 0 2 3 4 5 7 8 9 10
1981.0 8 1 2 3 4 5 7 8 9 10
1982.0 9 0 1 2 3 4 5 7 8 9 10
1983.0 4 6 7 8 9 10
1984.0 5 0 6 7 8 9 10
1985.0 5 1 6 7 8 9 10
1986.0 6 0 1 6 7 8 9 10
1987.0 5 2 6 7 8 9 10
1988.0 6 0 2 6 7 8 9 10
1989.0 6 1 2 6 7 8 9 10
1990.0 7 0 1 2 6 7 8 9 10
1991.0 5 3 6 7 8 9 10
1992.0 6 0 3 6 7 8 9 10
1993.0 6 1 3 6 7 8 9 10
1994.0 7 0 1 3 6 7 8 9 10
1995.0 6 2 3 6 7 8 9 10
1996.0 7 0 2 3 6 7 8 9 10
1997.0 7 1 2 3 6 7 8 9 10
1998.0 8 0 1 2 3 6 7 8 9 10
1999.0 5 4 6 7 8 9 10
2000.0 6 0 4 6 7 8 9 10
2001.0 6 1 4 6 7 8 9 10
2002.0 7 0 1 4 6 7 8 9 10
2003.0 6 2 4 6 7 8 9 10
2004.0 7 0 2 4 6 7 8 9 10
2005.0 7 1 2 4 6 7 8 9 10
2006.0 8 0 1 2 4 6 7 8 9 10
2007.0 6 3 4 6 7 8 9 10
2008.0 7 0 3 4 6 7 8 9 10
2009.0 7 1 3 4 6 7 8 9 10
2010.0 8 0 1 3 4 6 7 8 9 10
2011.0 7 2 3 4 6 7 8 9 10
2012.0 8 0 2 3 4 6 7 8 9 10
2013.0 8 1 2 3 4 6 7 8 9 10
2014.0 9 0 1 2 3 4 6 7 8 9 10
2015.0 5 5 6 7 8 9 10
2016.0 6 0 5 6 7 8 9 10
2017.0 6 1 5 6 7 8 9 10
2018.0 7 0 1 5 6 7 8 9 10
2019.0 6 2 5 6 7 8 9 10
2020.0 7 0 2 5 6 7 8 9 10
2021.0 7 1 2 5 6 7 8 9 10
2022.0 8 0 1 2 5 6 7 8 9 10
2023.0 6 3 5 6 7 8 9 10
2024.0 7 0 3 5 6 7 8 9 10
2025.0 7 1 3 5 6 7 8 9 10
2026.0 8 0 1 3 5 6 7 8 9 10
2027.0 7 2 3 5 6 7 8 9 10
2028.0 8 0 2 3 5 6 7 8 9 10
2029.0 8 1 2 3 5 6 7 8 9 10
2030.0 9 0 1 2 3 5 6 7 8 9 10
2031.0 6 4 5 6 7 8 9 10
2032.0 7 0 4 5 6 7 8 9 10
2033.0 7 1 4 5 6 7 8 9 10
2034.0 8 0 1 4 5 6 7 8 9 10
2035.0 7 2 4 5 6 7 8 9 10
2036.0 8 0 2 4 5 6 7 8 9 10
2037.0 8 1 2 4 5 6 7 8 9 10
2038.0 9 0 1 2 4 5 6 7 8 9 10
2039.0 7 3 4 5 6 7 8 9 10
2040.0 8 0 3 4 5 6 7 8 9 10
2041.0 8 1 3 4 5 6 7 8 9 10
2042.0 9 0 1 3 4 5 6 7 8 9 10
2043.0 8 2 3 4 5 6 7 8 9 10
2044.0 9 0 2 3 4 5 6 7 8 9 10
2045.0 9 1 2 3 4 5 6 7 8 9 10
2046.0 10 0 1 2 3 4 5 6 7 8 9 10
2047.0 0 11
2048.0 1 0 11
2049.0 1 1 11
2050.0 2 0 1 11
2051.0 1 2 11
2052.0 2 0 2 11
2053.0 2 1 2 11
2054.0 3 0 1 2 11
2055.0 1 3 11
2056.0 2 0 3 11
2057.0 2 1 3 11
2058.0 3 0 1 3 11
2059.0 2 2 3 11
2060.0 3 0 2 3 11
2061.0 3 1 2 3 11
2062.0 4 0 1 2 3 11
2063.0 1 4 11
2064.0 2 0 4 11
2065.0 2 1 4 11
2066.0 3 0 1 4 11
2067.0 2 2 4 11
2068.0 3 0 2 4 11
2069.0 3 1 2 4 11
2070.0 4 0 1 2 4 11
2071.0 2 3 4 11
2072.0 3 0 3 4 11
2073.0 3 1 3 4 11
2074.0 4 0 1 3 4 11
2075.0 3 2 3 4 11
2076.0 4 0 2 3 4 11
2077.0 4 1 2 3 4 11
2078.0 5 0 1 2 3 4 11
2079.0 1 5 11
2080.0 2 0 5 11
2081.0 2 1 5 11
2082.0 3 0 1 5 11
2083.0 2 2 5 11
2084.0 3 0 2 5 11
2085.0 3 1 2 5 11
2086.0 4 0 1 2 5 11
2087.0 2 3 5 11
2088.0 3 0 3 5 11
2089.0 3 1 3 5 11
2090.0 4 0 1 3 5 11
2091.0 3 2 3 5 11
2092.0 4 0 2 3 5 11
2093.0 4 1 2 3 5 11
2094.0 5 0 1 2 3 5 11
2095.0 2 4 5 11
2096.0 3 0 4 5 11
2097.0 3 1 4 5 11
2098.0 4 0 1 4 5 11
2099.0 3 2 4 5 11
2100.0 4 0 2 4 5 11
2101.0 4 1 2 4 5 11
2102.0 5 0 1 2 4 5 11
2103.0 3 3 4 5 11
2104.0 4 0 3 4 5 11
2105.0 4 1 3 4 5 11
2106.0 5 0 1 3 4 5 11
2107.0 4 2 3 4 5 11
2108.0 5 0 2 3 4 5 11
2109.0 5 1 2 3 4 5 11
2110.0 6 0 1 2 3 4 5 11
2111.0 1 6 11
2112.0 2 0 6 11
2113.0 2 1 6 11
2114.0 3 0 1 6 11
2115.0 2 2 6 11
2116.0 3 0 2 6 11
2117.0 3 1 2 6 11
2118.0 4 0 1 2 6 11
2119.0 2 3 6 11
2120.0 3 0 3 6 11
2121.0 3 1 3 6 11
2122.0 4 0 1 3 6 11
2123.0 3 2 3 6 11
2124.0 4 0 2 3 6 11
2125.0 4 1 2 3 6 11
2126.0 5 0 1 2 3 6 11
2127.0 2 4 6 11
2128.0 3 0 4 6 11
2129.0 3 1 4 6 11
2130.0 4 0 1 4 6 11
2131.0 3 2 4 6 11
2132.0 4 0 2 4 6 11
2133.0 4 1 2 4 6 11
2134.0 5 0 1 2 4 6 11
2135.0 3 3 4 6 11
2136.0 4 0 3 4 6 11
2137.0 4 1 3 4 6 11
2138.0 5 0 1 3 4 6 11
2139.0 4 2 3 4 6 11
2140.0 5 0 2 3 4 6 11
2141.0 5 1 2 3 4 6 11
2142.0 6 0 1 2 3 4 6 11
2143.0 2 5 6 11
2144.0 3 0 5 6 11
2145.0 3 1 5 6 11
2146.0 4 0 1 5 6 11
2147.0 3 2 5 6 11
2148.0 4 0 2 5 6 11
2149.0 4 1 2 5 6 11
2150.0 5 0 1 2 5 6 11
2151.0 3 3 5 6 11
2152.0 4 0 3 5 6 11
2153.0 4 1 3 5 6 11
2154.0 5 0 1 3 5 6 11
2155.0 4 2 3 5 6 11
2156.0 5 0 2 3 5 6 11
2157.0 5 1 2 3 5 6 11
2158.0 6 0 1 2 3 5 6 11
2159.0 3 4 5 6 11
2160.0 4 0 4 5 6 11
2161.0 4 1 4 5 6 11
2162.0 5 0 1 4 5 6 11
2163.0 4 2 4 5 6 11
2164.0 5 0 2 4 5 6 11
2165.0 5 1 2 4 5 6 11
2166.0 6 0 1 2 4 5 6 11
2167.0 4 3 4 5 6 11
2168.0 5 0 3 4 5 6 11
2169.0 5 1 3 4 5 6 11
2170.0 6 0 1 3 4 5 6 11
2171.0 5 2 3 4 5 6 11
2172.0 6 0 2 3 4 5 6 11
2173.0 6 1 2 3 4 5 6 11
2174.0 7 0 1 2 3 4 5 6 11
2175.0 1 7 11
2176.0 2 0 7 11
2177.0 2 1 7 11
2178.0 3 0 1 7 11
2179.0 2 2 7 11
2180.0 3 0 2 7 11
2181.0 3 1 2 7 11
2182.0 4 0 1 2 7 11
2183.0 2 3 7 11
2184.0 3 0 3 7 11
2185.0 3 1 3 7 11
2186.0 4 0 1 3 7 11
2187.0 3 2 3 7 11
2188.0 4 0 2 3 7 11
2189.0 4 1 2 3 7 11
2190.0 5 0 1 2 3 7 11
2191.0 2 4 7 11
2192.0 3 0 4 7 11
2193.0 3 1 4 7 11
2194.0 4 0 1 4 7 11
2195.0 3 2 4 7 11
2196.0 4 0 2 4 7 11
2197.0 4 1 2 4 7 11
2198.0 5 0 1 2 4 7 11
2199.0 3 3 4 7 11
2200.0 4 0 3 4 7 11
2201.0 4 1 3 4 7 11
2202.0 5 0 1 3 4 7 11
2203.0 4 2 3 4 7 11
2204.0 5 0 2 3 4 7 11
2205.0 5 1 2 3 4 7 11
2206.0 6 0 1 2 3 4 7 11
2207.0 2 5 7 11
2208.0 3 0 5 7 11
2209.0 3 1 5 7 11
2210.0 4 0 1 5 7 11
2211.0 3 2 5 7 11
2212.0 4 0 2 5 7 11
2213.0 4 1 2 5 7 11
2214.0 5 0 1 2 5 7 11
2215.0 3 3 5 7 11
2216.0 4 0 3 5 7 11
2217.0 4 1 3 5 7 11
2218.0 5 0 1 3 5 7 11
2219.0 4 2 3 5 7 11
2220.0 5 0 2 3 5 7 11
2221.0 5 1 2 3 5 7 11
2222.0 6 0 1 2 3 5 7 11
2223.0 3 4 5 7 11
2224.0 4 0 4 5 7 11
2225.0 4 1 4 5 7 11
2226.0 5 0 1 4 5 7 11
2227.0 4 2 4 5 7 11
2228.0 5 0 2 4 5 7 11
2229.0 5 1 2 4 5 7 11
2230.0 6 0 1 2 4 5 7 11
2231.0 4 3 4 5 7 11
2232.0 5 0 3 4 5 7 11
2233.0 5 1 3 4 5 7 11
2234.0 6 0 1 3 4 5 7 11
2235.0 5 2 3 4 5 7 11
2236.0 6 0 2 3 4 5 7 11
2237.0 6 1 2 3 4 5 7 11
2238.0 7 0 1 2 3 4 5 7 11
2239.0 2 6 7 11
2240.0 3 0 6 7 11
2241.0 3 1 6 7 11
2242.0 4 0 1 6 7 11
2243.0 3 2 6 7 11
2244.0 4 0 2 6 7 11
2245.0 4 1 2 6 7 11
2246.0 5 0 1 2 6 7 11
2247.0 3 3 6 7 11
2248.0 4 0 3 6 7 11
2249.0 4 1 3 6 7 11
2250.0 5 0 1 3 6 7 11
2251.0 4 2 3 6 7 11
2252.0 5 0 2 3 6 7 11
2253.0 5 1 2 3 6 7 11
2254.0 6 0 1 2 3 6 7 11
2255.0 3 4 6 7 11
2256.0 4 0 4 6 7 11
2257.0 4 1 4 6 7 11
2258.0 5 0 1 4 6 7 11
2259.0 4 2 4 6 7 11
2260.0 5 0 2 4 6 7 11
2261.0 5 1 2 4 6 7 11
2262.0 6 0 1 2 4 6 7 11
2263.0 4 3 4 6 7 11
2264.0 5 0 3 4 6 7 11
2265.0 5 1 3 4 6 7 11
2266.0 6 0 1 3 4 6 7 11
2267.0 5 2 3 4 6 7 11
2268.0 6 0 2 3 4 6 7 11
2269.0 6 1 2 3 4 6 7 11
2270.0 7 0 1 2 3 4 6 7 11
2271.0 3 5 6 7 11
2272.0 4 0 5 6 7 11
2273.0 4 1 5 6 7 11
2274.0 5 0 1 5 6 7 11
2275.0 4 2 5 6 7 11
2276.0 5 0 2 5 6 7 11
2277.0 5 1 2 5 6 7 11
2278.0 6 0 1 2 5 6 7 11
2279.0 4 3 5 6 7 11
2280.0 5 0 3 5 6 7 11
2281.0 5 1 3 5 6 7 11
2282.0 6 0 1 3 5 6 7 11
2283.0 5 2 3 5 6 7 11
2284.0 6 0 2 3 5 6 7 11
2285.0 6 1 2 3 5 6 7 11
2286.0 7 0 1 2 3 5 6 7 11
2287.0 4 4 5 6 7 11
2288.0 5 0 4 5 6 7 11
2289.0 5 1 4 5 6 7 11
2290.0 6 0 1 4 5 6 7 11
2291.0 5 2 4 5 6 7 11
2292.0 6 0 2 4 5 6 7 11
2293.0 6 1 2 4 5 6 7 11
2294.0 7 0 1 2 4 5 6 7 11
2295.0 5 3 4 5 6 7 11
2296.0 6 0 3 4 5 6 7 11
2297.0 6 1 3 4 5 6 7 11
2298.0 7 0 1 3 4 5 6 7 11
2299.0 6 2 3 4 5 6 7 11
2300.0 7 0 2 3 4 5 6 7 11
2301.0 7 1 2 3 4 5 6 7 11
2302.0 8 0 1 2 3 4 5 6 7 11
2303.0 1 8 11
2304.0 2 0 8 11
2305.0 2 1 8 11
2306.0 3 0 1 8 11
2307.0 2 2 8 11
2308.0 3 0 2 8 11
2309.0 3 1 2 8 11
2310.0 4 0 1 2 8 11
2311.0 2 3 8 11
2312.0 3 0 3 8 11
2313.0 3 1 3 8 11
2314.0 4 0 1 3 8 11
2315.0 3 2 3 8 11
2316.0 4 0 2 3 8 11
2317.0 4 1 2 3 8 11
2318.0 5 0 1 2 3 8 11
2319.0 2 4 8 11
2320.0 3 0 4 8 11
2321.0 3 1 4 8 11
2322.0 4 0 1 4 8 11
2323.0 3 2 4 8 11
2324.0 4 0 2 4 8 11
2325.0 4 1 2 4 8 11
2326.0 5 0 1 2 4 8 11
2327.0 3 3 4 8 11
2328.0 4 0 3 4 8 11
2329.0 4 1 3 4 8 11
2330.0 5 0 1 3 4 8 11
2331.0 4 2 3 4 8 11
2332.0 5 0 2 3 4 8 11
2333.0 5 1 2 3 4 8 11
2334.0 6 0 1 2 3 4 8 11
2335.0 2 5 8 11
2336.0 3 0 5 8 11
2337.0 3 1 5 8 11
2338.0 4 0 1 5 8 11
2339.0 3 2 5 8 11
2340.0 4 0 2 5 8 11
2341.0 4 1 2 5 8 11
2342.0 5 0 1 2 5 8 11
2343.0 3 3 5 8 11
2344.0 4 0 3 5 8 11
2345.0 4 1 3 5 8 11
2346.0 5 0 1 3 5 8 11
2347.0 4 2 3 5 8 11
2348.0 5 0 2 3 5 8 11
2349.0 5 1 2 3 5 8 11
2350.0 6 0 1 2 3 5 8 11
2351.0 3 4 5 8 11
2352.0 4 0 4 5 8 11
2353.0 4 1 4 5 8 11
2354.0 5 0 1 4 5 8 11
2355.0 4 2 4 5 8 11
2356.0 5 0 2 4 5 8 11
2357.0 5 1 2 4 5 8 11
2358.0 6 0 1 2 4 5 8 11
2359.0 4 3 4 5 8 11
2360.0 5 0 3 4 5 8 11
2361.0 5 1 3 4 5 8 11
2362.0 6 0 1 3 4 5 8 11
2363.0 5 2 3 4 5 8 11
2364.0 6 0 2 3 4 5 8 11
2365.0 6 1 2 3 4 5 8 11
2366.0 7 0 1 2 3 4 5 8 11
2367.0 2 6 8 11
2368.0 3 0 6 8 11
2369.0 3 1 6 8 11
2370.0 4 0 1 6 8 11
2371.0 3 2 6 8 11
2372.0 4 0 2 6 8 11
2373.0 4 1 2 6 8 11
2374.0 5 0 1 2 6 8 11
2375.0 3 3 6 8 11
2376.0 4 0 3 6 8 11
2377.0 4 1 3 6 8 11
2378.0 5 0 1 3 6 8 11
2379.0 4 2 3 6 8 11
2380.0 5 0 2 3 6 8 11
2381.0 5 1 2 3 6 8 11
2382.0 6 0 1 2 3 6 8 11
2383.0 3 4 6 8 11
2384.0 4 0 4 6 8 11
2385.0 4 1 4 6 8 11
2386.0 5 0 1 4 6 8 11
2387.0 4 2 4 6 8 11
2388.0 5 0 2 4 6 8 11
2389.0 5 1 2 4 6 8 11
2390.0 6 0 1 2 4 6 8 11
2391.0 4 3 4 6 8 11
2392.0 5 0 3 4 6 8 11
2393.0 5 1 3 4 6 8 11
2394.0 6 0 1 3 4 6 8 11
2395.0 5 2 3 4 6 8 11
2396.0 6 0 2 3 4 6 8 11
2397.0 6 1 2 3 4 6 8 11
2398.0 7 0 1 2 3 4 6 8 11
2399.0 3 5 6 8 11
2400.0 4 0 5 6 8 11
2401.0 4 1 5 6 8 11
2402.0 5 0 1 5 6 8 11
2403.0 4 2 5 6 8 11
2404.0 5 0 2 5 6 8 11
2405.0 5 1 2 5 6 8 11
2406.0 6 0 1 2 5 6 8 11
2407.0 4 3 5 6 8 11
2408.0 5 0 3 5 6 8 11
2409.0 5 1 3 5 6 8 11
2410.0 6 0 1 3 5 6 8 11
2411.0 5 2 3 5 6 8 11
2412.0 6 0 2 3 5 6 8 11
2413.0 6 1 2 3 5 6 8 11
2414.0 7 0 1 2 3 5 6 8 11
2415.0 4 4 5 6 8 11
2416.0 5 0 4 5 6 8 11
2417.0 5 1 4 5 6 8 11
2418.0 6 0 1 4 5 6 8 11
2419.0 5 2 4 5 6 8 11
2420.0 6 0 2 4 5 6 8 11
2421.0 6 1 2 4 5 6 8 11
2422.0 7 0 1 2 4 5 6 8 11
2423.0 5 3 4 5 6 8 11
2424.0 6 0 3 4 5 6 8 11
2425.0 6 1 3 4 5 6 8 11
2426.0 7 0 1 3 4 5 6 8 11
2427.0 6 2 3 4 5 6 8 11
2428.0 7 0 2 3 4 5 6 8 11
2429.0 7 1 2 3 4 5 6 8 11
2430.0 8 0 1 2 3 4 5 6 8 11
2431.0 2 7 8 11
2432.0 3 0 7 8 11
2433.0 3 1 7 8 11
2434.0 4 0 1 7 8 11
2435.0 3 2 7 8 11
2436.0 4 0 2 7 8 11
2437.0 4 1 2 7 8 11
2438.0 5 0 1 2 7 8 11
2439.0 3 3 7 8 11
2440.0 4 0 3 7 8 11
2441.0 4 1 3 7 8 11
2442.0 5 0 1 3 7 8 11
2443.0 4 2 3 7 8 11
2444.0 5 0 2 3 7 8 11
2445.0 5 1 2 3 7 8 11
2446.0 6 0 1 2 3 7 8 11
2447.0 3 4 7 8 11
2448.0 4 0 4 7 8 11
2449.0 4 1 4 7 8 11
2450.0 5 0 1 4 7 8 11
2451.0 4 2 4 7 8 11
2452.0 5 0 2 4 7 8 11
2453.0 5 1 2 4 7 8 11
2454.0 6 0 1 2 4 7 8 11
2455.0 4 3 4 7 8 11
2456.0 5 0 3 4 7 8 11
2457.0 5 1 3 4 7 8 11
2458.0 6 0 1 3 4 7 8 11
2459.0 5 2 3 4 7 8 11
2460.0 6 0 2 3 4 7 8 11
2461.0 6 1 2 3 4 7 8 11
2462.0 7 0 1 2 3 4 7 8 11
2463.0 3 5 7 8 11
2464.0 4 0 5 7 8 11
2465.0 4 1 5 7 8 11
2466.0 5 0 1 5 7 8 11
2467.0 4 2 5 7 8 11
2468.0 5 0 2 5 7 8 11
2469.0 5 1 2 5 7 8 11
2470.0 6 0 1 2 5 7 8 11
2471.0 4 3 5 7 8 11
2472.0 5 0 3 5 7 8 11
2473.0 5 1 3 5 7 8 11
2474.0 6 0 1 3 5 7 8 11
2475.0 5 2 3 5 7 8 11
2476.0 6 0 2 3 5 7 8 11
2477.0 6 1 2 3 5 7 8 11
2478.0 7 0 1 2 3 5 7 8 11
2479.0 4 4 5 7 8 11
2480.0 5 0 4 5 7 8 11
2481.0 5 1 4 5 7 8 11
2482.0 6 0 1 4 5 7 8 11
2483.0 5 2 4 5 7 8 11
2484.0 6 0 2 4 5 7 8 11
2485.0 6 1 2 4 5 7 8 11
2486.0 7 0 1 2 4 5 7 8 11
2487.0 5 3 4 5 7 8 11
2488.0 6 0 3 4 5 7 8 11
2489.0 6 1 3 4 5 7 8 11
2490.0 7 0 1 3 4 5 7 8 11
2491.0 6 2 3 4 5 7 8 11
2492.0 7 0 2 3 4 5 7 8 11
2493.0 7 1 2 3 4 5 7 8 11
2494.0 8 0 1 2 3 4 5 7 8 11
2495.0 3 6 7 8 11
2496.0 4 0 6 7 8 11
2497.0 4 1 6 7 8 11
2498.0 5 0 1 6 7 8 11
2499.0 4 2 6 7 8 11
2500.0 5 0 2 6 7 8 11
2501.0 5 1 2 6 7 8 11
2502.0 6 0 1 2 6 7 8 11
2503.0 4 3 6 7 8 11
2504.0 5 0 3 6 7 8 11
2505.0 5 1 3 6 7 8 11
2506.0 6 0 1 3 6 7 8 11
2507.0 5 2 3 6 7 8 11
2508.0 6 0 2 3 6 7 8 11
2509.0 6 1 2 3 6 7 8 11
2510.0 7 0 1 2 3 6 7 8 11
2511.0 4 4 6 7 8 11
2512.0 5 0 4 6 7 8 11
2513.0 5 1 4 6 7 8 11
2514.0 6 0 1 4 6 7 8 11
2515.0 5 2 4 6 7 8 11
2516.0 6 0 2 4 6 7 8 11
2517.0 6 1 2 4 6 7 8 11
2518.0 7 0 1 2 4 6 7 8 11
2519.0 5 3 4 6 7 8 11
2520.0 6 0 3 4 6 7 8 11
2521.0 6 1 3 4 6 7 8 11
2522.0 7 0 1 3 4 6 7 8 11
2523.0 6 2 3 4 6 7 8 11
2524.0 7 0 2 3 4 6 7 8 11
2525.0 7 1 2 3 4 6 7 8 11
2526.0 8 0 1 2 3 4 6 7 8 11
2527.0 4 5 6 7 8 11
2528.0 5 0 5 6 7 8 11
2529.0 5 1 5 6 7 8 11
2530.0 6 0 1 5 6 7 8 11
2531.0 5 2 5 6 7 8 11
2532.0 6 0 2 5 6 7 8 11
2533.0 6 1 2 5 6 7 8 11
2534.0 7 0 1 2 5 6 7 8 11
2535.0 5 3 5 6 7 8 11
2536.0 6 0 3 5 6 7 8 11
2537.0 6 1 3 5 6 7 8 11
2538.0 7 0 1 3 5 6 7 8 11
2539.0 6 2 3 5 6 7 8 11
2540.0 7 0 2 3 5 6 7 8 11
2541.0 7 1 2 3 5 6 7 8 11
2542.0 8 0 1 2 3 5 6 7 8 11
2543.0 5 4 5 6 7 8 11
2544.0 6 0 4 5 6 7 8 11
2545.0 6 1 4 5 6 7 8 11
2546.0 7 0 1 4 5 6 7 8 11
2547.0 6 2 4 5 6 7 8 11
2548.0 7 0 2 4 5 6 7 8 11
2549.0 7 1 2 4 5 6 7 8 11
2550.0 8 0 1 2 4 5 6 7 8 11
2551.0 6 3 4 5 6 7 8 11
2552.0 7 0 3 4 5 6 7 8 11
2553.0 7 1 3 4 5 6 7 8 11
2554.0 8 0 1 3 4 5 6 7 8 11
2555.0 7 2 3 4 5 6 7 8 11
2556.0 8 0 2 3 4 5 6 7 8 11
2557.0 8 1 2 3 4 5 6 7 8 11
2558.0 9 0 1 2 3 4 5 6 7 8 11
2559.0 1 9 11
2560.0 2 0 9 11
2561.0 2 1 9 11
2562.0 3 0 1 9 11
2563.0 2 2 9 11
2564.0 3 0 2 9 11
2565.0 3 1 2 9 11
2566.0 4 0 1 2 9 11
2567.0 2 3 9 11
2568.0 3 0 3 9 11
2569.0 3 1 3 9 11
2570.0 4 0 1 3 9 11
2571.0 3 2 3 9 11
2572.0 4 0 2 3 9 11
2573.0 4 1 2 3 9 11
2574.0 5 0 1 2 3 9 11
2575.0 2 4 9 11
2576.0 3 0 4 9 11
2577.0 3 1 4 9 11
2578.0 4 0 1 4 9 11
2579.0 3 2 4 9 11
2580.0 4 0 2 4 9 11
2581.0 4 1 2 4 9 11
2582.0 5 0 1 2 4 9 11
2583.0 3 3 4 9 11
2584.0 4 0 3 4 9 11
2585.0 4 1 3 4 9 11
2586.0 5 0 1 3 4 9 11
2587.0 4 2 3 4 9 11
2588.0 5 0 2 3 4 9 11
2589.0 5 1 2 3 4 9 11
2590.0 6 0 1 2 3 4 9 11
2591.0 2 5 9 11
2592.0 3 0 5 9 11
2593.0 3 1 5 9 11
2594.0 4 0 1 5 9 11
2595.0 3 2 5 9 11
2596.0 4 0 2 5 9 11
2597.0 4 1 2 5 9 11
2598.0 5 0 1 2 5 9 11
2599.0 3 3 5 9 11
2600.0 4 0 3 5 9 11
2601.0 4 1 3 5 9 11
2602.0 5 0 1 3 5 9 11
2603.0 4 2 3 5 9 11
2604.0 5 0 2 3 5 9 11
2605.0 5 1 2 3 5 9 11
2606.0 6 0 1 2 3 5 9 11
2607.0 3 4 5 9 11
2608.0 4 0 4 5 9 11
2609.0 4 1 4 5 9 11
2610.0 5 0 1 4 5 9 11
2611.0 4 2 4 5 9 11
2612.0 5 0 2 4 5 9 11
2613.0 5 1 2 4 5 9 11
2614.0 6 0 1 2 4 5 9 11
2615.0 4 3 4 5 9 11
2616.0 5 0 3 4 5 9 11
2617.0 5 1 3 4 5 9 11
2618.0 6 0 1 3 4 5 9 11
2619.0 5 2 3 4 5 9 11
2620.0 6 0 2 3 4 5 9 11
2621.0 6 1 2 3 4 5 9 11
2622.0 7 0 1 2 3 4 5 9 11
2623.0 2 6 9 11
2624.0 3 0 6 9 11
2625.0 3 1 6 9 11
2626.0 4 0 1 6 9 11
2627.0 3 2 6 9 11
2628.0 4 0 2 6 9 11
2629.0 4 1 2 6 9 11
2630.0 5 0 1 2 6 9 11
2631.0 3 3 6 9 11
2632.0 4 0 3 6 9 11
2633.0 4 1 3 6 9 11
2634.0 5 0 1 3 6 9 11
2635.0 4 2 3 6 9 11
2636.0 5 0 2 3 6 9 11
2637.0 5 1 2 3 6 9 11
2638.0 6 0 1 2 3 6 9 11
2639.0 3 4 6 9 11
2640.0 4 0 4 6 9 11
2641.0 4 1 4 6 9 11
2642.0 5 0 1 4 6 9 11
2643.0 4 2 4 6 9 11
2644.0 5 0 2 4 6 9 11
2645.0 5 1 2 4 6 9 11
2646.0 6 0 1 2 4 6 9 11
2647.0 4 3 4 6 9 11
2648.0 5 0 3 4 6 9 11
2649.0 5 1 3 4 6 9 11
2650.0 6 0 1 3 4 6 9 11
2651.0 5 2 3 4 6 9 11
2652.0 6 0 2 3 4 6 9 11
2653.0 6 1 2 3 4 6 9 11
2654.0 7 0 1 2 3 4 6 9 11
2655.0 3 5 6 9 11
2656.0 4 0 5 6 9 11
2657.0 4 1 5 6 9 11
2658.0 5 0 1 5 6 9 11
2659.0 4 2 5 6 9 11
2660.0 5 0 2 5 6 9 11
2661.0 5 1 2 5 6 9 11
2662.0 6 0 1 2 5 6 9 11
2663.0 4 3 5 6 9 11
2664.0 5 0 3 5 6 9 11
2665.0 5 1 3 5 6 9 11
2666.0 6 0 1 3 5 6 9 11
2667.0 5 2 3 5 6 9 11
2668.0 6 0 2 3 5 6 9 11
2669.0 6 1 2 3 5 6 9 11
2670.0 7 0 1 2 3 5 6 9 11
2671.0 4 4 5 6 9 11
2672.0 5 0 4 5 6 9 11
2673.0 5 1 4 5 6 9 11
2674.0 6 0 1 4 5 6 9 11
2675.0 5 2 4 5 6 9 11
2676.0 6 0 2 4 5 6 9 11
2677.0 6 1 2 4 5 6 9 11
2678.0 7 0 1 2 4 5 6 9 11
2679.0 5 3 4 5 6 9 11
2680.0 6 0 3 4 5 6 9 11
2681.0 6 1 3 4 5 6 9 11
2682.0 7 0 1 3 4 5 6 9 11
2683.0 6 2 3 4 5 6 9 11
2684.0 7 0 2 3 4 5 6 9 11
2685.0 7 1 2 3 4 5 6 9 11
2686.0 8 0 1 2 3 4 5 6 9 11
2687.0 2 7 9 11
2688.0 3 0 7 9 11
2689.0 3 1 7 9 11
2690.0 4 0 1 7 9 11
2691.0 3 2 7 9 11
2692.0 4 0 2 7 9 11
2693.0 4 1 2 7 9 11
2694.0 5 0 1 2 7 9 11
2695.0 3 3 7 9 11
2696.0 4 0 3 7 9 11
2697.0 4 1 3 7 9 11
2698.0 5 0 1 3 7 9 11
2699.0 4 2 3 7 9 11
2700.0 5 0 2 3 7 9 11
2701.0 5 1 2 3 7 9 11
2702.0 6 0 1 2 3 7 9 11
2703.0 3 4 7 9 11
2704.0 4 0 4 7 9 11
2705.0 4 1 4 7 9 11
2706.0 5 0 1 4 7 9 11
2707.0 4 2 4 7 9 11
2708.0 5 0 2 4 7 9 11
2709.0 5 1 2 4 7 9 11
2710.0 6 0 1 2 4 7 9 11
2711.0 4 3 4 7 9 11
2712.0 5 0 3 4 7 9 11
2713.0 5 1 3 4 7 9 11
2714.0 6 0 1 3 4 7 9 11
2715.0 5 2 3 4 7 9 11
2716.0 6 0 2 3 4 7 9 11
2717.0 6 1 2 3 4 7 9 11
2718.0 7 0 1 2 3 4 7 9 11
2719.0 3 5 7 9 11
2720.0 4 0 5 7 9 11
2721.0 4 1 5 7 9 11
2722.0 5 0 1 5 7 9 11
2723.0 4 2 5 7 9 11
2724.0 5 0 2 5 7 9 11
2725.0 5 1 2 5 7 9 11
2726.0 6 0 1 2 5 7 9 11
2727.0 4 3 5 7 9 11
2728.0 5 0 3 5 7 9 11
2729.0 5 1 3 5 7 9 11
2730.0 6 0 1 3 5 7 9 11
2731.0 5 2 3 5 7 9 11
2732.0 6 0 2 3 5 7 9 11
2733.0 6 1 2 3 5 7 9 11
2734.0 7 0 1 2 3 5 7 9 11
2735.0 4 4 5 7 9 11
2736.0 5 0 4 5 7 9 11
2737.0 5 1 4 5 7 9 11
2738.0 6 0 1 4 5 7 9 11
2739.0 5 2 4 5 7 9 11
2740.0 6 0 2 4 5 7 9 11
2741.0 6 1 2 4 5 7 9 11
2742.0 7 0 1 2 4 5 7 9 11
2743.0 5 3 4 5 7 9 11
2744.0 6 0 3 4 5 7 9 11
2745.0 6 1 3 4 5 7 9 11
2746.0 7 0 1 3 4 5 7 9 11
2747.0 6 2 3 4 5 7 9 11
2748.0 7 0 2 3 4 5 7 9 11
2749.0 7 1 2 3 4 5 7 9 11
2750.0 8 0 1 2 3 4 5 7 9 11
2751.0 3 6 7 9 11
2752.0 4 0 6 7 9 11
2753.0 4 1 6 7 9 11
2754.0 5 0 1 6 7 9 11
2755.0 4 2 6 7 9 11
2756.0 5 0 2 6 7 9 11
2757.0 5 1 2 6 7 9 11
2758.0 6 0 1 2 6 7 9 11
2759.0 4 3 6 7 9 11
2760.0 5 0 3 6 7 9 11
2761.0 5 1 3 6 7 9 11
2762.0 6 0 1 3 6 7 9 11
2763.0 5 2 3 6 7 9 11
2764.0 6 0 2 3 6 7 9 11
2765.0 6 1 2 3 6 7 9 11
2766.0 7 0 1 2 3 6 7 9 11
2767.0 4 4 6 7 9 11
2768.0 5 0 4 6 7 9 11
2769.0 5 1 4 6 7 9 11
2770.0 6 0 1 4 6 7 9 11
2771.0 5 2 4 6 7 9 11
2772.0 6 0 2 4 6 7 9 11
2773.0 6 1 2 4 6 7 9 11
2774.0 7 0 1 2 4 6 7 9 11
2775.0 5 3 4 6 7 9 11
2776.0 6 0 3 4 6 7 9 11
2777.0 6 1 3 4 6 7 9 11
2778.0 7 0 1 3 4 6 7 9 11
2779.0 6 2 3 4 6 7 9 11
2780.0 7 0 2 3 4 6 7 9 11
2781.0 7 1 2 3 4 6 7 9 11
2782.0 8 0 1 2 3 4 6 7 9 11
2783.0 4 5 6 7 9 11
2784.0 5 0 5 6 7 9 11
2785.0 5 1 5 6 7 9 11
2786.0 6 0 1 5 6 7 9 11
2787.0 5 2 5 6 7 9 11
2788.0 6 0 2 5 6 7 9 11
2789.0 6 1 2 5 6 7 9 11
2790.0 7 0 1 2 5 6 7 9 11
2791.0 5 3 5 6 7 9 11
2792.0 6 0 3 5 6 7 9 11
2793.0 6 1 3 5 6 7 9 11
2794.0 7 0 1 3 5 6 7 9 11
2795.0 6 2 3 5 6 7 9 11
2796.0 7 0 2 3 5 6 7 9 11
2797.0 7 1 2 3 5 6 7 9 11
2798.0 8 0 1 2 3 5 6 7 9 11
2799.0 5 4 5 6 7 9 11
2800.0 6 0 4 5 6 7 9 11
2801.0 6 1 4 5 6 7 9 11
2802.0 7 0 1 4 5 6 7 9 11
2803.0 6 2 4 5 6 7 9 11
2804.0 7 0 2 4 5 6 7 9 11
2805.0 7 1 2 4 5 6 7 9 11
2806.0 8 0 1 2 4 5 6 7 9 11
2807.0 6 3 4 5 6 7 9 11
2808.0 7 0 3 4 5 6 7 9 11
2809.0 7 1 3 4 5 6 7 9 11
2810.0 8 0 1 3 4 5 6 7 9 11
2811.0 7 2 3 4 5 6 7 9 11
2812.0 8 0 2 3 4 5 6 7 9 11
2813.0 8 1 2 3 4 5 6 7 9 11
2814.0 9 0 1 2 3 4 5 6 7 9 11
2815.0 2 8 9 11
2816.0 3 0 8 9 11
2817.0 3 1 8 9 11
2818.0 4 0 1 8 9 11
2819.0 3 2 8 9 11
2820.0 4 0 2 8 9 11
2821.0 4 1 2 8 9 11
2822.0 5 0 1 2 8 9 11
2823.0 3 3 8 9 11
2824.0 4 0 3 8 9 11
2825.0 4 1 3 8 9 11
2826.0 5 0 1 3 8 9 11
2827.0 4 2 3 8 9 11
2828.0 5 0 2 3 8 9 11
2829.0 5 1 2 3 8 9 11
2830.0 6 0 1 2 3 8 9 11
2831.0 3 4 8 9 11
2832.0 4 0 4 8 9 11
2833.0 4 1 4 8 9 11
2834.0 5 0 1 4 8 9 11
2835.0 4 2 4 8 9 11
2836.0 5 0 2 4 8 9 11
2837.0 5 1 2 4 8 9 11
2838.0 6 0 1 2 4 8 9 11
2839.0 4 3 4 8 9 11
2840.0 5 0 3 4 8 9 11
2841.0 5 1 3 4 8 9 11
2842.0 6 0 1 3 4 8 9 11
2843.0 5 2 3 4 8 9 11
2844.0 6 0 2 3 4 8 9 11
2845.0 6 1 2 3 4 8 9 11
2846.0 7 0 1 2 3 4 8 9 11
2847.0 3 5 8 9 11
2848.0 4 0 5 8 9 11
2849.0 4 1 5 8 9 11
2850.0 5 0 1 5 8 9 11
2851.0 4 2 5 8 9 11
2852.0 5 0 2 5 8 9 11
2853.0 5 1 2 5 8 9 11
2854.0 6 0 1 2 5 8 9 11
2855.0 4 3 5 8 9 11
2856.0 5 0 3 5 8 9 11
2857.0 5 1 3 5 8 9 11
2858.0 6 0 1 3 5 8 9 11
2859.0 5 2 3 5 8 9 11
2860.0 6 0 2 3 5 8 9 11
2861.0 6 1 2 3 5 8 9 11
2862.0 7 0 1 2 3 5 8 9 11
2863.0 4 4 5 8 9 11
2864.0 5 0 4 5 8 9 11
2865.0 5 1 4 5 8 9 11
2866.0 6 0 1 4 5 8 9 11
2867.0 5 2 4 5 8 9 11
2868.0 6 0 2 4 5 8 9 11
2869.0 6 1 2 4 5 8 9 11
2870.0 7 0 1 2 4 5 8 9 11
2871.0 5 3 4 5 8 9 11
2872.0 6 0 3 4 5 8 9 11
2873.0 6 1 3 4 5 8 9 11
2874.0 7 0 1 3 4 5 8 9 11
2875.0 6 2 3 4 5 8 9 11
2876.0 7 0 2 3 4 5 8 9 11
2877.0 7 1 2 3 4 5 8 9 11
2878.0 8 0 1 2 3 4 5 8 9 11
2879.0 3 6 8 9 11
2880.0 4 0 6 8 9 11
2881.0 4 1 6 8 9 11
2882.0 5 0 1 6 8 9 11
2883.0 4 2 6 8 9 11
2884.0 5 0 2 6 8 9 11
2885.0 5 1 2 6 8 9 11
2886.0 6 0 1 2 6 8 9 11
2887.0 4 3 6 8 9 11
2888.0 5 0 3 6 8 9 11
2889.0 5 1 3 6 8 9 11
2890.0 6 0 1 3 6 8 9 11
2891.0 5 2 3 6 8 9 11
2892.0 6 0 2 3 6 8 9 11
2893.0 6 1 2 3 6 8 9 11
2894.0 7 0 1 2 3 6 8 9 11
2895.0 4 4 6 8 9 11
2896.0 5 0 4 6 8 9 11
2897.0 5 1 4 6 8 9 11
2898.0 6 0 1 4 6 8 9 11
2899.0 5 2 4 6 8 9 11
2900.0 6 0 2 4 6 8 9 11
2901.0 6 1 2 4 6 8 9 11
2902.0 7 0 1 2 4 6 8 9 11
2903.0 5 3 4 6 8 9 11
2904.0 6 0 3 4 6 8 9 11
2905.0 6 1 3 4 6 8 9 11
2906.0 7 0 1 3 4 6 8 9 11
2907.0 6 2 3 4 6 8 9 11
2908.0 7 0 2 3 4 6 8 9 11
2909.0 7 1 2 3 4 6 8 9 11
2910.0 8 0 1 2 3 4 6 8 9 11
2911.0 4 5 6 8 9 11
2912.0 5 0 5 6 8 9 11
2913.0 5 1 5 6 8 9 11
2914.0 6 0 1 5 6 8 9 11
2915.0 5 2 5 6 8 9 11
2916.0 6 0 2 5 6 8 9 11
2917.0 6 1 2 5 6 8 9 11
2918.0 7 0 1 2 5 6 8 9 11
2919.0 5 3 5 6 8 9 11
2920.0 6 0 3 5 6 8 9 11
2921.0 6 1 3 5 6 8 9 11
2922.0 7 0 1 3 5 6 8 9 11
2923.0 6 2 3 5 6 8 9 11
2924.0 7 0 2 3 5 6 8 9 11
2925.0 7 1 2 3 5 6 8 9 11
2926.0 8 0 1 2 3 5 6 8 9 11
2927.0 5 4 5 6 8 9 11
2928.0 6 0 4 5 6 8 9 11
2929.0 6 1 4 5 6 8 9 11
2930.0 7 0 1 4 5 6 8 9 11
2931.0 6 2 4 5 6 8 9 11
2932.0 7 0 2 4 5 6 8 9 11
2933.0 7 1 2 4 5 6 8 9 11
2934.0 8 0 1 2 4 5 6 8 9 11
2935.0 6 3 4 5 6 8 9 11
2936.0 7 0 3 4 5 6 8 9 11
2937.0 7 1 3 4 5 6 8 9 11
2938.0 8 0 1 3 4 5 6 8 9 11
2939.0 7 2 3 4 5 6 8 9 11
2940.0 8 0 2 3 4 5 6 8 9 11
2941.0 8 1 2 3 4 5 6 8 9 11
2942.0 9 0 1 2 3 4 5 6 8 9 11
2943.0 3 7 8 9 11
2944.0 4 0 7 8 9 11
2945.0 4 1 7 8 9 11
2946.0 5 0 1 7 8 9 11
2947.0 4 2 7 8 9 11
2948.0 5 0 2 7 8 9 11
2949.0 5 1 2 7 8 9 11
2950.0 6 0 1 2 7 8 9 11
2951.0 4 3 7 8 9 11
2952.0 5 0 3 7 8 9 11
2953.0 5 1 3 7 8 9 11
2954.0 6 0 1 3 7 8 9 11
2955.0 5 2 3 7 8 9 11
2956.0 6 0 2 3 7 8 9 11
2957.0 6 1 2 3 7 8 9 11
2958.0 7 0 1 2 3 7 8 9 11
2959.0 4 4 7 8 9 11
2960.0 5 0 4 7 8 9 11
2961.0 5 1 4 7 8 9 11
2962.0 6 0 1 4 7 8 9 11
2963.0 5 2 4 7 8 9 11
2964.0 6 0 2 4 7 8 9 11
2965.0 6 1 2 4 7 8 9 11
2966.0 7 0 1 2 4 7 8 9 11
2967.0 5 3 4 7 8 9 11
2968.0 6 0 3 4 7 8 9 11
2969.0 6 1 3 4 7 8 9 11
2970.0 7 0 1 3 4 7 8 9 11
2971.0 6 2 3 4 7 8 9 11
2972.0 7 0 2 3 4 7 8 9 11
2973.0 7 1 2 3 4 7 8 9 11
2974.0 8 0 1 2 3 4 7 8 9 11
2975.0 4 5 7 8 9 11
2976.0 5 0 5 7 8 9 11
2977.0 5 1 5 7 8 9 11
2978.0 6 0 1 5 7 8 9 11
2979.0 5 2 5 7 8 9 11
2980.0 6 0 2 5 7 8 9 11
2981.0 6 1 2 5 7 8 9 11
2982.0 7 0 1 2 5 7 8 9 11
2983.0 5 3 5 7 8 9 11
2984.0 6 0 3 5 7 8 9 11
2985.0 6 1 3 5 7 8 9 11
2986.0 7 0 1 3 5 7 8 9 11
2987.0 6 2 3 5 7 8 9 11
2988.0 7 0 2 3 5 7 8 9 11
2989.0 7 1 2 3 5 7 8 9 11
2990.0 8 0 1 2 3 5 7 8 9 11
2991.0 5 4 5 7 8 9 11
2992.0 6 0 4 5 7 8 9 11
2993.0 6 1 4 5 7 8 9 11
2994.0 7 0 1 4 5 7 8 9 11
2995.0 6 2 4 5 7 8 9 11
2996.0 7 0 2 4 5 7 8 9 11
2997.0 7 1 2 4 5 7 8 9 11
2998.0 8 0 1 2 4 5 7 8 9 11
2999.0 6 3 4 5 7 8 9 11
3000.0 7 0 3 4 5 7 8 9 11
3001.0 7 1 3 4 5 7 8 9 11
3002.0 8 0 1 3 4 5 7 8 9 11
3003.0 7 2 3 4 5 7 8 9 11
3004.0 8 0 2 3 4 5 7 8 9 11
3005.0 8 1 2 3 4 5 7 8 9 11
3006.0 9 0 1 2 3 4 5 7 8 9 11
3007.0 4 6 7 8 9 11
3008.0 5 0 6 7 8 9 11
3009.0 5 1 6 7 8 9 11
3010.0 6 0 1 6 7 8 9 11
3011.0 5 2 6 7 8 9 11
3012.0 6 0 2 6 7 8 9 11
3013.0 6 1 2 6 7 8 9 11
3014.0 7 0 1 2 6 7 8 9 11
3015.0 5 3 6 7 8 9 11
3016.0 6 0 3 6 7 8 9 11
3017.0 6 1 3 6 7 8 9 11
3018.0 7 0 1 3 6 7 8 9 11
3019.0 6 2 3 6 7 8 9 11
3020.0 7 0 2 3 6 7 8 9 11
3021.0 7 1 2 3 6 7 8 9 11
3022.0 8 0 1 2 3 6 7 8 9 11
3023.0 5 4 6 7 8 9 11
3024.0 6 0 4 6 7 8 9 11
3025.0 6 1 4 6 7 8 9 11
3026.0 7 0 1 4 6 7 8 9 11
3027.0 6 2 4 6 7 8 9 11
3028.0 7 0 2 4 6 7 8 9 11
3029.0 7 1 2 4 6 7 8 9 11
3030.0 8 0 1 2 4 6 7 8 9 11
3031.0 6 3 4 6 7 8 9 11
3032.0 7 0 3 4 6 7 8 9 11
3033.0 7 1 3 4 6 7 8 9 11
3034.0 8 0 1 3 4 6 7 8 9 11
3035.0 7 2 3 4 6 7 8 9 11
3036.0 8 0 2 3 4 6 7 8 9 11
3037.0 8 1 2 3 4 6 7 8 9 11
3038.0 9 0 1 2 3 4 6 7 8 9 11
3039.0 5 5 6 7 8 9 11
3040.0 6 0 5 6 7 8 9 11
3041.0 6 1 5 6 7 8 9 11
3042.0 7 0 1 5 6 7 8 9 11
3043.0 6 2 5 6 7 8 9 11
3044.0 7 0 2 5 6 7 8 9 11
3045.0 7 1 2 5 6 7 8 9 11
3046.0 8 0 1 2 5 6 7 8 9 11
3047.0 6 3 5 6 7 8 9 11
3048.0 7 0 3 5 6 7 8 9 11
3049.0 7 1 3 5 6 7 8 9 11
3050.0 8 0 1 3 5 6 7 8 9 11
3051.0 7 2 3 5 6 7 8 9 11
3052.0 8 0 2 3 5 6 7 8 9 11
3053.0 8 1 2 3 5 6 7 8 9 11
3054.0 9 0 1 2 3 5 6 7 8 9 11
3055.0 6 4 5 6 7 8 9 11
3056.0 7 0 4 5 6 7 8 9 11
3057.0 7 1 4 5 6 7 8 9 11
3058.0 8 0 1 4 5 6 7 8 9 11
3059.0 7 2 4 5 6 7 8 9 11
3060.0 8 0 2 4 5 6 7 8 9 11
3061.0 8 1 2 4 5 6 7 8 9 11
3062.0 9 0 1 2 4 5 6 7 8 9 11
3063.0 7 3 4 5 6 7 8 9 11
3064.0 8 0 3 4 5 6 7 8 9 11
3065.0 8 1 3 4 5 6 7 8 9 11
3066.0 9 0 1 3 4 5 6 7 8 9 11
3067.0 8 2 3 4 5 6 7 8 9 11
3068.0 9 0 2 3 4 5 6 7 8 9 11
3069.0 9 1 2 3 4 5 6 7 8 9 11
3070.0 10 0 1 2 3 4 5 6 7 8 9 11
3071.0 1 10 11
3072.0 2 0 10 11
3073.0 2 1 10 11
3074.0 3 0 1 10 11
3075.0 2 2 10 11
3076.0 3 0 2 10 11
3077.0 3 1 2 10 11
3078.0 4 0 1 2 10 11
3079.0 2 3 10 11
3080.0 3 0 3 10 11
3081.0 3 1 3 10 11
3082.0 4 0 1 3 10 11
3083.0 3 2 3 10 11
3084.0 4 0 2 3 10 11
3085.0 4 1 2 3 10 11
3086.0 5 0 1 2 3 10 11
3087.0 2 4 10 11
3088.0 3 0 4 10 11
3089.0 3 1 4 10 11
3090.0 4 0 1 4 10 11
3091.0 3 2 4 10 11
3092.0 4 0 2 4 10 11
3093.0 4 1 2 4 10 11
3094.0 5 0 1 2 4 10 11
3095.0 3 3 4 10 11
3096.0 4 0 3 4 10 11
3097.0 4 1 3 4 10 11
3098.0 5 0 1 3 4 10 11
3099.0 4 2 3 4 10 11
3100.0 5 0 2 3 4 10 11
3101.0 5 1 2 3 4 10 11
3102.0 6 0 1 2 3 4 10 11
3103.0 2 5 10 11
3104.0 3 0 5 10 11
3105.0 3 1 5 10 11
3106.0 4 0 1 5 10 11
3107.0 3 2 5 10 11
3108.0 4 0 2 5 10 11
3109.0 4 1 2 5 10 11
3110.0 5 0 1 2 5 10 11
3111.0 3 3 5 10 11
3112.0 4 0 3 5 10 11
3113.0 4 1 3 5 10 11
3114.0 5 0 1 3 5 10 11
3115.0 4 2 3 5 10 11
3116.0 5 0 2 3 5 10 11
3117.0 5 1 2 3 5 10 11
3118.0 6 0 1 2 3 5 10 11
3119.0 3 4 5 10 11
3120.0 4 0 4 5 10 11
3121.0 4 1 4 5 10 11
3122.0 5 0 1 4 5 10 11
3123.0 4 2 4 5 10 11
3124.0 5 0 2 4 5 10 11
3125.0 5 1 2 4 5 10 11
3126.0 6 0 1 2 4 5 10 11
3127.0 4 3 4 5 10 11
3128.0 5 0 3 4 5 10 11
3129.0 5 1 3 4 5 10 11
3130.0 6 0 1 3 4 5 10 11
3131.0 5 2 3 4 5 10 11
3132.0 6 0 2 3 4 5 10 11
3133.0 6 1 2 3 4 5 10 11
3134.0 7 0 1 2 3 4 5 10 11
3135.0 2 6 10 11
3136.0 3 0 6 10 11
3137.0 3 1 6 10 11
3138.0 4 0 1 6 10 11
3139.0 3 2 6 10 11
3140.0 4 0 2 6 10 11
3141.0 4 1 2 6 10 11
3142.0 5 0 1 2 6 10 11
3143.0 3 3 6 10 11
3144.0 4 0 3 6 10 11
3145.0 4 1 3 6 10 11
3146.0 5 0 1 3 6 10 11
3147.0 4 2 3 6 10 11
3148.0 5 0 2 3 6 10 11
3149.0 5 1 2 3 6 10 11
3150.0 6 0 1 2 3 6 10 11
3151.0 3 4 6 10 11
3152.0 4 0 4 6 10 11
3153.0 4 1 4 6 10 11
3154.0 5 0 1 4 6 10 11
3155.0 4 2 4 6 10 11
3156.0 5 0 2 4 6 10 11
3157.0 5 1 2 4 6 10 11
3158.0 6 0 1 2 4 6 10 11
3159.0 4 3 4 6 10 11
3160.0 5 0 3 4 6 10 11
3161.0 5 1 3 4 6 10 11
3162.0 6 0 1 3 4 6 10 11
3163.0 5 2 3 4 6 10 11
3164.0 6 0 2 3 4 6 10 11
3165.0 6 1 2 3 4 6 10 11
3166.0 7 0 1 2 3 4 6 10 11
3167.0 3 5 6 10 11
3168.0 4 0 5 6 10 11
3169.0 4 1 5 6 10 11
3170.0 5 0 1 5 6 10 11
3171.0 4 2 5 6 10 11
3172.0 5 0 2 5 6 10 11
3173.0 5 1 2 5 6 10 11
3174.0 6 0 1 2 5 6 10 11
3175.0 4 3 5 6 10 11
3176.0 5 0 3 5 6 10 11
3177.0 5 1 3 5 6 10 11
3178.0 6 0 1 3 5 6 10 11
3179.0 5 2 3 5 6 10 11
3180.0 6 0 2 3 5 6 10 11
3181.0 6 1 2 3 5 6 10 11
3182.0 7 0 1 2 3 5 6 10 11
3183.0 4 4 5 6 10 11
3184.0 5 0 4 5 6 10 11
3185.0 5 1 4 5 6 10 11
3186.0 6 0 1 4 5 6 10 11
3187.0 5 2 4 5 6 10 11
3188.0 6 0 2 4 5 6 10 11
3189.0 6 1 2 4 5 6 10 11
3190.0 7 0 1 2 4 5 6 10 11
3191.0 5 3 4 5 6 10 11
3192.0 6 0 3 4 5 6 10 11
3193.0 6 1 3 4 5 6 10 11
3194.0 7 0 1 3 4 5 6 10 11
3195.0 6 2 3 4 5 6 10 11
3196.0 7 0 2 3 4 5 6 10 11
3197.0 7 1 2 3 4 5 6 10 11
3198.0 8 0 1 2 3 4 5 6 10 11
3199.0 2 7 10 11
3200.0 3 0 7 10 11
3201.0 3 1 7 10 11
3202.0 4 0 1 7 10 11
3203.0 3 2 7 10 11
3204.0 4 0 2 7 10 11
3205.0 4 1 2 7 10 11
3206.0 5 0 1 2 7 10 11
3207.0 3 3 7 10 11
3208.0 4 0 3 7 10 11
3209.0 4 1 3 7 10 11
3210.0 5 0 1 3 7 10 11
3211.0 4 2 3 7 10 11
3212.0 5 0 2 3 7 10 11
3213.0 5 1 2 3 7 10 11
3214.0 6 0 1 2 3 7 10 11
3215.0 3 4 7 10 11
3216.0 4 0 4 7 10 11
3217.0 4 1 4 7 10 11
3218.0 5 0 1 4 7 10 11
3219.0 4 2 4 7 10 11
3220.0 5 0 2 4 7 10 11
3221.0 5 1 2 4 7 10 11
3222.0 6 0 1 2 4 7 10 11
3223.0 4 3 4 7 10 11
3224.0 5 0 3 4 7 10 11
3225.0 5 1 3 4 7 10 11
3226.0 6 0 1 3 4 7 10 11
3227.0 5 2 3 4 7 10 11
3228.0 6 0 2 3 4 7 10 11
3229.0 6 1 2 3 4 7 10 11
3230.0 7 0 1 2 3 4 7 10 11
3231.0 3 5 7 10 11
3232.0 4 0 5 7 10 11
3233.0 4 1 5 7 10 11
3234.0 5 0 1 5 7 10 11
3235.0 4 2 5 7 10 11
3236.0 5 0 2 5 7 10 11
3237.0 5 1 2 5 7 10 11
3238.0 6 0 1 2 5 7 10 11
3239.0 4 3 5 7 10 11
3240.0 5 0 3 5 7 10 11
3241.0 5 1 3 5 7 10 11
3242.0 6 0 1 3 5 7 10 11
3243.0 5 2 3 5 7 10 11
3244.0 6 0 2 3 5 7 10 11
3245.0 6 1 2 3 5 7 10 11
3246.0 7 0 1 2 3 5 7 10 11
3247.0 4 4 5 7 10 11
3248.0 5 0 4 5 7 10 11
3249.0 5 1 4 5 7 10 11
3250.0 6 0 1 4 5 7 10 11
3251.0 5 2 4 5 7 10 11
3252.0 6 0 2 4 5 7 10 11
3253.0 6 1 2 4 5 7 10 11
3254.0 7 0 1 2 4 5 7 10 11
3255.0 5 3 4 5 7 10 11
3256.0 6 0 3 4 5 7 10 11
3257.0 6 1 3 4 5 7 10 11
3258.0 7 0 1 3 4 5 7 10 11
3259.0 6 2 3 4 5 7 10 11
3260.0 7 0 2 3 4 5 7 10 11
3261.0 7 1 2 3 4 5 7 10 11
3262.0 8 0 1 2 3 4 5 7 10 11
3263.0 3 6 7 10 11
3264.0 4 0 6 7 10 11
3265.0 4 1 6 7 10 11
3266.0 5 0 1 6 7 10 11
3267.0 4 2 6 7 10 11
3268.0 5 0 2 6 7 10 11
3269.0 5 1 2 6 7 10 11
3270.0 6 0 1 2 6 7 10 11
3271.0 4 3 6 7 10 11
3272.0 5 0 3 6 7 10 11
3273.0 5 1 3 6 7 10 11
3274.0 6 0 1 3 6 7 10 11
3275.0 5 2 3 6 7 10 11
3276.0 6 0 2 3 6 7 10 11
3277.0 6 1 2 3 6 7 10 11
3278.0 7 0 1 2 3 6 7 10 11
3279.0 4 4 6 7 10 11
3280.0 5 0 4 6 7 10 11
3281.0 5 1 4 6 7 10 11
3282.0 6 0 1 4 6 7 10 11
3283.0 5 2 4 6 7 10 11
3284.0 6 0 2 4 6 7 10 11
3285.0 6 1 2 4 6 7 10 11
3286.0 7 0 1 2 4 6 7 10 11
3287.0 5 3 4 6 7 10 11
3288.0 6 0 3 4 6 7 10 11
3289.0 6 1 3 4 6 7 10 11
3290.0 7 0 1 3 4 6 7 10 11
3291.0 6 2 3 4 6 7 10 11
3292.0 7 0 2 3 4 6 7 10 11
3293.0 7 1 2 3 4 6 7 10 11
3294.0 8 0 1 2 3 4 6 7 10 11
3295.0 4 5 6 7 10 11
3296.0 5 0 5 6 7 10 11
3297.0 5 1 5 6 7 10 11
3298.0 6 0 1 5 6 7 10 11
3299.0 5 2 5 6 7 10 11
3300.0 6 0 2 5 6 7 10 11
3301.0 6 1 2 5 6 7 10 11
3302.0 7 0 1 2 5 6 7 10 11
3303.0 5 3 5 6 7 10 11
3304.0 6 0 3 5 6 7 10 11
3305.0 6 1 3 5 6 7 10 11
3306.0 7 0 1 3 5 6 7 10 11
3307.0 6 2 3 5 6 7 10 11
3308.0 7 0 2 3 5 6 7 10 11
3309.0 7 1 2 3 5 6 7 10 11
3310.0 8 0 1 2 3 5 6 7 10 11
3311.0 5 4 5 6 7 10 11
3312.0 6 0 4 5 6 7 10 11
3313.0 6 1 4 5 6 7 10 11
3314.0 7 0 1 4 5 6 7 10 11
3315.0 6 2 4 5 6 7 10 11
3316.0 7 0 2 4 5 6 7 10 11
3317.0 7 1 2 4 5 6 7 10 11
3318.0 8 0 1 2 4 5 6 7 10 11
3319.0 6 3 4 5 6 7 10 11
3320.0 7 0 3 4 5 6 7 10 11
3321.0 7 1 3 4 5 6 7 10 11
3322.0 8 0 1 3 4 5 6 7 10 11
3323.0 7 2 3 4 5 6 7 10 11
3324.0 8 0 2 3 4 5 6 7 10 11
3325.0 8 1 2 3 4 5 6 7 10 11
3326.0 9 0 1 2 3 4 5 6 7 10 11
3327.0 2 8 10 11
3328.0 3 0 8 10 11
3329.0 3 1 8 10 11
3330.0 4 0 1 8 10 11
3331.0 3 2 8 10 11
3332.0 4 0 2 8 10 11
3333.0 4 1 2 8 10 11
3334.0 5 0 1 2 8 10 11
3335.0 3 3 8 10 11
3336.0 4 0 3 8 10 11
3337.0 4 1 3 8 10 11
3338.0 5 0 1 3 8 10 11
3339.0 4 2 3 8 10 11
3340.0 5 0 2 3 8 10 11
3341.0 5 1 2 3 8 10 11
3342.0 6 0 1 2 3 8 10 11
3343.0 3 4 8 10 11
3344.0 4 0 4 8 10 11
3345.0 4 1 4 8 10 11
3346.0 5 0 1 4 8 10 11
3347.0 4 2 4 8 10 11
3348.0 5 0 2 4 8 10 11
3349.0 5 1 2 4 8 10 11
3350.0 6 0 1 2 4 8 10 11
3351.0 4 3 4 8 10 11
3352.0 5 0 3 4 8 10 11
3353.0 5 1 3 4 8 10 11
3354.0 6 0 1 3 4 8 10 11
3355.0 5 2 3 4 8 10 11
3356.0 6 0 2 3 4 8 10 11
3357.0 6 1 2 3 4 8 10 11
3358.0 7 0 1 2 3 4 8 10 11
3359.0 3 5 8 10 11
3360.0 4 0 5 8 10 11
3361.0 4 1 5 8 10 11
3362.0 5 0 1 5 8 10 11
3363.0 4 2 5 8 10 11
3364.0 5 0 2 5 8 10 11
3365.0 5 1 2 5 8 10 11
3366.0 6 0 1 2 5 8 10 11
3367.0 4 3 5 8 10 11
3368.0 5 0 3 5 8 10 11
3369.0 5 1 3 5 8 10 11
3370.0 6 0 1 3 5 8 10 11
3371.0 5 2 3 5 8 10 11
3372.0 6 0 2 3 5 8 10 11
3373.0 6 1 2 3 5 8 10 11
3374.0 7 0 1 2 3 5 8 10 11
3375.0 4 4 5 8 10 11
3376.0 5 0 4 5 8 10 11
3377.0 5 1 4 5 8 10 11
3378.0 6 0 1 4 5 8 10 11
3379.0 5 2 4 5 8 10 11
3380.0 6 0 2 4 5 8 10 11
3381.0 6 1 2 4 5 8 10 11
3382.0 7 0 1 2 4 5 8 10 11
3383.0 5 3 4 5 8 10 11
3384.0 6 0 3 4 5 8 10 11
3385.0 6 1 3 4 5 8 10 11
3386.0 7 0 1 3 4 5 8 10 11
3387.0 6 2 3 4 5 8 10 11
3388.0 7 0 2 3 4 5 8 10 11
3389.0 7 1 2 3 4 5 8 10 11
3390.0 8 0 1 2 3 4 5 8 10 11
3391.0 3 6 8 10 11
3392.0 4 0 6 8 10 11
3393.0 4 1 6 8 10 11
3394.0 5 0 1 6 8 10 11
3395.0 4 2 6 8 10 11
3396.0 5 0 2 6 8 10 11
3397.0 5 1 2 6 8 10 11
3398.0 6 0 1 2 6 8 10 11
3399.0 4 3 6 8 10 11
3400.0 5 0 3 6 8 10 11
3401.0 5 1 3 6 8 10 11
3402.0 6 0 1 3 6 8 10 11
3403.0 5 2 3 6 8 10 11
3404.0 6 0 2 3 6 8 10 11
3405.0 6 1 2 3 6 8 10 11
3406.0 7 0 1 2 3 6 8 10 11
3407.0 4 4 6 8 10 11
3408.0 5 0 4 6 8 10 11
3409.0 5 1 4 6 8 10 11
3410.0 6 0 1 4 6 8 10 11
3411.0 5 2 4 6 8 10 11
3412.0 6 0 2 4 6 8 10 11
3413.0 6 1 2 4 6 8 10 11
3414.0 7 0 1 2 4 6 8 10 11
3415.0 5 3 4 6 8 10 11
3416.0 6 0 3 4 6 8 10 11
3417.0 6 1 3 4 6 8 10 11
3418.0 7 0 1 3 4 6 8 10 11
3419.0 6 2 3 4 6 8 10 11
3420.0 7 0 2 3 4 6 8 10 11
3421.0 7 1 2 3 4 6 8 10 11
3422.0 8 0 1 2 3 4 6 8 10 11
3423.0 4 5 6 8 10 11
3424.0 5 0 5 6 8 10 11
3425.0 5 1 5 6 8 10 11
3426.0 6 0 1 5 6 8 10 11
3427.0 5 2 5 6 8 10 11
3428.0 6 0 2 5 6 8 10 11
3429.0 6 1 2 5 6 8 10 11
3430.0 7 0 1 2 5 6 8 10 11
3431.0 5 3 5 6 8 10 11
3432.0 6 0 3 5 6 8 10 11
3433.0 6 1 3 5 6 8 10 11
3434.0 7 0 1 3 5 6 8 10 11
3435.0 6 2 3 5 6 8 10 11
3436.0 7 0 2 3 5 6 8 10 11
3437.0 7 1 2 3 5 6 8 10 11
3438.0 8 0 1 2 3 5 6 8 10 11
3439.0 5 4 5 6 8 10 11
3440.0 6 0 4 5 6 8 10 11
3441.0 6 1 4 5 6 8 10 11
3442.0 7 0 1 4 5 6 8 10 11
3443.0 6 2 4 5 6 8 10 11
3444.0 7 0 2 4 5 6 8 10 11
3445.0 7 1 2 4 5 6 8 10 11
3446.0 8 0 1 2 4 5 6 8 10 11
3447.0 6 3 4 5 6 8 10 11
3448.0 7 0 3 4 5 6 8 10 11
3449.0 7 1 3 4 5 6 8 10 11
3450.0 8 0 1 3 4 5 6 8 10 11
3451.0 7 2 3 4 5 6 8 10 11
3452.0 8 0 2 3 4 5 6 8 10 11
3453.0 8 1 2 3 4 5 6 8 10 11
3454.0 9 0 1 2 3 4 5 6 8 10 11
3455.0 3 7 8 10 11
3456.0 4 0 7 8 10 11
3457.0 4 1 7 8 10 11
3458.0 5 0 1 7 8 10 11
3459.0 4 2 7 8 10 11
3460.0 5 0 2 7 8 10 11
3461.0 5 1 2 7 8 10 11
3462.0 6 0 1 2 7 8 10 11
3463.0 4 3 7 8 10 11
3464.0 5 0 3 7 8 10 11
3465.0 5 1 3 7 8 10 11
3466.0 6 0 1 3 7 8 10 11
3467.0 5 2 3 7 8 10 11
3468.0 6 0 2 3 7 8 10 11
3469.0 6 1 2 3 7 8 10 11
3470.0 7 0 1 2 3 7 8 10 11
3471.0 4 4 7 8 10 11
3472.0 5 0 4 7 8 10 11
3473.0 5 1 4 7 8 10 11
3474.0 6 0 1 4 7 8 10 11
3475.0 5 2 4 7 8 10 11
3476.0 6 0 2 4 7 8 10 11
3477.0 6 1 2 4 7 8 10 11
3478.0 7 0 1 2 4 7 8 10 11
3479.0 5 3 4 7 8 10 11
3480.0 6 0 3 4 7 8 10 11
3481.0 6 1 3 4 7 8 10 11
3482.0 7 0 1 3 4 7 8 10 11
3483.0 6 2 3 4 7 8 10 11
3484.0 7 0 2 3 4 7 8 10 11
3485.0 7 1 2 3 4 7 8 10 11
3486.0 8 0 1 2 3 4 7 8 10 11
3487.0 4 5 7 8 10 11
3488.0 5 0 5 7 8 10 11
3489.0 5 1 5 7 8 10 11
3490.0 6 0 1 5 7 8 10 11
3491.0 5 2 5 7 8 10 11
3492.0 6 0 2 5 7 8 10 11
3493.0 6 1 2 5 7 8 10 11
3494.0 7 0 1 2 5 7 8 10 11
3495.0 5 3 5 7 8 10 11
3496.0 6 0 3 5 7 8 10 11
3497.0 6 1 3 5 7 8 10 11
3498.0 7 0 1 3 5 7 8 10 11
3499.0 6 2 3 5 7 8 10 11
3500.0 7 0 2 3 5 7 8 10 11
3501.0 7 1 2 3 5 7 8 10 11
3502.0 8 0 1 2 3 5 7 8 10 11
3503.0 5 4 5 7 8 10 11
3504.0 6 0 4 5 7 8 10 11
3505.0 6 1 4 5 7 8 10 11
3506.0 7 0 1 4 5 7 8 10 11
3507.0 6 2 4 5 7 8 10 11
3508.0 7 0 2 4 5 7 8 10 11
3509.0 7 1 2 4 5 7 8 10 11
3510.0 8 0 1 2 4 5 7 8 10 11
3511.0 6 3 4 5 7 8 10 11
3512.0 7 0 3 4 5 7 8 10 11
3513.0 7 1 3 4 5 7 8 10 11
3514.0 8 0 1 3 4 5 7 8 10 11
3515.0 7 2 3 4 5 7 8 10 11
3516.0 8 0 2 3 4 5 7 8 10 11
3517.0 8 1 2 3 4 5 7 8 10 11
3518.0 9 0 1 2 3 4 5 7 8 10 11
3519.0 4 6 7 8 10 11
3520.0 5 0 6 7 8 10 11
3521.0 5 1 6 7 8 10 11
3522.0 6 0 1 6 7 8 10 11
3523.0 5 2 6 7 8 10 11
3524.0 6 0 2 6 7 8 10 11
3525.0 6 1 2 6 7 8 10 11
3526.0 7 0 1 2 6 7 8 10 11
3527.0 5 3 6 7 8 10 11
3528.0 6 0 3 6 7 8 10 11
3529.0 6 1 3 6 7 8 10 11
3530.0 7 0 1 3 6 7 8 10 11
3531.0 6 2 3 6 7 8 10 11
3532.0 7 0 2 3 6 7 8 10 11
3533.0 7 1 2 3 6 7 8 10 11
3534.0 8 0 1 2 3 6 7 8 10 11
3535.0 5 4 6 7 8 10 11
3536.0 6 0 4 6 7 8 10 11
3537.0 6 1 4 6 7 8 10 11
3538.0 7 0 1 4 6 7 8 10 11
3539.0 6 2 4 6 7 8 10 11
3540.0 7 0 2 4 6 7 8 10 11
3541.0 7 1 2 4 6 7 8 10 11
3542.0 8 0 1 2 4 6 7 8 10 11
3543.0 6 3 4 6 7 8 10 11
3544.0 7 0 3 4 6 7 8 10 11
3545.0 7 1 3 4 6 7 8 10 11
3546.0 8 0 1 3 4 6 7 8 10 11
3547.0 7 2 3 4 6 7 8 10 11
3548.0 8 0 2 3 4 6 7 8 10 11
3549.0 8 1 2 3 4 6 7 8 10 11
3550.0 9 0 1 2 3 4 6 7 8 10 11
3551.0 5 5 6 7 8 10 11
3552.0 6 0 5 6 7 8 10 11
3553.0 6 1 5 6 7 8 10 11
3554.0 7 0 1 5 6 7 8 10 11
3555.0 6 2 5 6 7 8 10 11
3556.0 7 0 2 5 6 7 8 10 11
3557.0 7 1 2 5 6 7 8 10 11
3558.0 8 0 1 2 5 6 7 8 10 11
3559.0 6 3 5 6 7 8 10 11
3560.0 7 0 3 5 6 7 8 10 11
3561.0 7 1 3 5 6 7 8 10 11
3562.0 8 0 1 3 5 6 7 8 10 11
3563.0 7 2 3 5 6 7 8 10 11
3564.0 8 0 2 3 5 6 7 8 10 11
3565.0 8 1 2 3 5 6 7 8 10 11
3566.0 9 0 1 2 3 5 6 7 8 10 11
3567.0 6 4 5 6 7 8 10 11
3568.0 7 0 4 5 6 7 8 10 11
3569.0 7 1 4 5 6 7 8 10 11
3570.0 8 0 1 4 5 6 7 8 10 11
3571.0 7 2 4 5 6 7 8 10 11
3572.0 8 0 2 4 5 6 7 8 10 11
3573.0 8 1 2 4 5 6 7 8 10 11
3574.0 9 0 1 2 4 5 6 7 8 10 11
3575.0 7 3 4 5 6 7 8 10 11
3576.0 8 0 3 4 5 6 7 8 10 11
3577.0 8 1 3 4 5 6 7 8 10 11
3578.0 9 0 1 3 4 5 6 7 8 10 11
3579.0 8 2 3 4 5 6 7 8 10 11
3580.0 9 0 2 3 4 5 6 7 8 10 11
3581.0 9 1 2 3 4 5 6 7 8 10 11
3582.0 10 0 1 2 3 4 5 6 7 8 10 11
3583.0 2 9 10 11
3584.0 3 0 9 10 11
3585.0 3 1 9 10 11
3586.0 4 0 1 9 10 11
3587.0 3 2 9 10 11
3588.0 4 0 2 9 10 11
3589.0 4 1 2 9 10 11
3590.0 5 0 1 2 9 10 11
3591.0 3 3 9 10 11
3592.0 4 0 3 9 10 11
3593.0 4 1 3 9 10 11
3594.0 5 0 1 3 9 10 11
3595.0 4 2 3 9 10 11
3596.0 5 0 2 3 9 10 11
3597.0 5 1 2 3 9 10 11
3598.0 6 0 1 2 3 9 10 11
3599.0 3 4 9 10 11
3600.0 4 0 4 9 10 11
3601.0 4 1 4 9 10 11
3602.0 5 0 1 4 9 10 11
3603.0 4 2 4 9 10 11
3604.0 5 0 2 4 9 10 11
3605.0 5 1 2 4 9 10 11
3606.0 6 0 1 2 4 9 10 11
3607.0 4 3 4 9 10 11
3608.0 5 0 3 4 9 10 11
3609.0 5 1 3 4 9 10 11
3610.0 6 0 1 3 4 9 10 11
3611.0 5 2 3 4 9 10 11
3612.0 6 0 2 3 4 9 10 11
3613.0 6 1 2 3 4 9 10 11
3614.0 7 0 1 2 3 4 9 10 11
3615.0 3 5 9 10 11
3616.0 4 0 5 9 10 11
3617.0 4 1 5 9 10 11
3618.0 5 0 1 5 9 10 11
3619.0 4 2 5 9 10 11
3620.0 5 0 2 5 9 10 11
3621.0 5 1 2 5 9 10 11
3622.0 6 0 1 2 5 9 10 11
3623.0 4 3 5 9 10 11
3624.0 5 0 3 5 9 10 11
3625.0 5 1 3 5 9 10 11
3626.0 6 0 1 3 5 9 10 11
3627.0 5 2 3 5 9 10 11
3628.0 6 0 2 3 5 9 10 11
3629.0 6 1 2 3 5 9 10 11
3630.0 7 0 1 2 3 5 9 10 11
3631.0 4 4 5 9 10 11
3632.0 5 0 4 5 9 10 11
3633.0 5 1 4 5 9 10 11
3634.0 6 0 1 4 5 9 10 11
3635.0 5 2 4 5 9 10 11
3636.0 6 0 2 4 5 9 10 11
3637.0 6 1 2 4 5 9 10 11
3638.0 7 0 1 2 4 5 9 10 11
3639.0 5 3 4 5 9 10 11
3640.0 6 0 3 4 5 9 10 11
3641.0 6 1 3 4 5 9 10 11
3642.0 7 0 1 3 4 5 9 10 11
3643.0 6 2 3 4 5 9 10 11
3644.0 7 0 2 3 4 5 9 10 11
3645.0 7 1 2 3 4 5 9 10 11
3646.0 8 0 1 2 3 4 5 9 10 11
3647.0 3 6 9 10 11
3648.0 4 0 6 9 10 11
3649.0 4 1 6 9 10 11
3650.0 5 0 1 6 9 10 11
3651.0 4 2 6 9 10 11
3652.0 5 0 2 6 9 10 11
3653.0 5 1 2 6 9 10 11
3654.0 6 0 1 2 6 9 10 11
3655.0 4 3 6 9 10 11
3656.0 5 0 3 6 9 10 11
3657.0 5 1 3 6 9 10 11
3658.0 6 0 1 3 6 9 10 11
3659.0 5 2 3 6 9 10 11
3660.0 6 0 2 3 6 9 10 11
3661.0 6 1 2 3 6 9 10 11
3662.0 7 0 1 2 3 6 9 10 11
3663.0 4 4 6 9 10 11
3664.0 5 0 4 6 9 10 11
3665.0 5 1 4 6 9 10 11
3666.0 6 0 1 4 6 9 10 11
3667.0 5 2 4 6 9 10 11
3668.0 6 0 2 4 6 9 10 11
3669.0 6 1 2 4 6 9 10 11
3670.0 7 0 1 2 4 6 9 10 11
3671.0 5 3 4 6 9 10 11
3672.0 6 0 3 4 6 9 10 11
3673.0 6 1 3 4 6 9 10 11
3674.0 7 0 1 3 4 6 9 10 11
3675.0 6 2 3 4 6 9 10 11
3676.0 7 0 2 3 4 6 9 10 11
3677.0 7 1 2 3 4 6 9 10 11
3678.0 8 0 1 2 3 4 6 9 10 11
3679.0 4 5 6 9 10 11
3680.0 5 0 5 6 9 10 11
3681.0 5 1 5 6 9 10 11
3682.0 6 0 1 5 6 9 10 11
3683.0 5 2 5 6 9 10 11
3684.0 6 0 2 5 6 9 10 11
3685.0 6 1 2 5 6 9 10 11
3686.0 7 0 1 2 5 6 9 10 11
3687.0 5 3 5 6 9 10 11
3688.0 6 0 3 5 6 9 10 11
3689.0 6 1 3 5 6 9 10 11
3690.0 7 0 1 3 5 6 9 10 11
3691.0 6 2 3 5 6 9 10 11
3692.0 7 0 2 3 5 6 9 10 11
3693.0 7 1 2 3 5 6 9 10 11
3694.0 8 0 1 2 3 5 6 9 10 11
3695.0 5 4 5 6 9 10 11
3696.0 6 0 4 5 6 9 10 11
3697.0 6 1 4 5 6 9 10 11
3698.0 7 0 1 4 5 6 9 10 11
3699.0 6 2 4 5 6 9 10 11
3700.0 7 0 2 4 5 6 9 10 11
3701.0 7 1 2 4 5 6 9 10 11
3702.0 8 0 1 2 4 5 6 9 10 11
3703.0 6 3 4 5 6 9 10 11
3704.0 7 0 3 4 5 6 9 10 11
3705.0 7 1 3 4 5 6 9 10 11
3706.0 8 0 1 3 4 5 6 9 10 11
3707.0 7 2 3 4 5 6 9 10 11
3708.0 8 0 2 3 4 5 6 9 10 11
3709.0 8 1 2 3 4 5 6 9 10 11
3710.0 9 0 1 2 3 4 5 6 9 10 11
3711.0 3 7 9 10 11
3712.0 4 0 7 9 10 11
3713.0 4 1 7 9 10 11
3714.0 5 0 1 7 9 10 11
3715.0 4 2 7 9 10 11
3716.0 5 0 2 7 9 10 11
3717.0 5 1 2 7 9 10 11
3718.0 6 0 1 2 7 9 10 11
3719.0 4 3 7 9 10 11
3720.0 5 0 3 7 9 10 11
3721.0 5 1 3 7 9 10 11
3722.0 6 0 1 3 7 9 10 11
3723.0 5 2 3 7 9 10 11
3724.0 6 0 2 3 7 9 10 11
3725.0 6 1 2 3 7 9 10 11
3726.0 7 0 1 2 3 7 9 10 11
3727.0 4 4 7 9 10 11
3728.0 5 0 4 7 9 10 11
3729.0 5 1 4 7 9 10 11
3730.0 6 0 1 4 7 9 10 11
3731.0 5 2 4 7 9 10 11
3732.0 6 0 2 4 7 9 10 11
3733.0 6 1 2 4 7 9 10 11
3734.0 7 0 1 2 4 7 9 10 11
3735.0 5 3 4 7 9 10 11
3736.0 6 0 3 4 7 9 10 11
3737.0 6 1 3 4 7 9 10 11
3738.0 7 0 1 3 4 7 9 10 11
3739.0 6 2 3 4 7 9 10 11
3740.0 7 0 2 3 4 7 9 10 11
3741.0 7 1 2 3 4 7 9 10 11
3742.0 8 0 1 2 3 4 7 9 10 11
3743.0 4 5 7 9 10 11
3744.0 5 0 5 7 9 10 11
3745.0 5 1 5 7 9 10 11
3746.0 6 0 1 5 7 9 10 11
3747.0 5 2 5 7 9 10 11
3748.0 6 0 2 5 7 9 10 11
3749.0 6 1 2 5 7 9 10 11
3750.0 7 0 1 2 5 7 9 10 11
3751.0 5 3 5 7 9 10 11
3752.0 6 0 3 5 7 9 10 11
3753.0 6 1 3 5 7 9 10 11
3754.0 7 0 1 3 5 7 9 10 11
3755.0 6 2 3 5 7 9 10 11
3756.0 7 0 2 3 5 7 9 10 11
3757.0 7 1 2 3 5 7 9 10 11
3758.0 8 0 1 2 3 5 7 9 10 11
3759.0 5 4 5 7 9 10 11
3760.0 6 0 4 5 7 9 10 11
3761.0 6 1 4 5 7 9 10 11
3762.0 7 0 1 4 5 7 9 10 11
3763.0 6 2 4 5 7 9 10 11
3764.0 7 0 2 4 5 7 9 10 11
3765.0 7 1 2 4 5 7 9 10 11
3766.0 8 0 1 2 4 5 7 9 10 11
3767.0 6 3 4 5 7 9 10 11
3768.0 7 0 3 4 5 7 9 10 11
3769.0 7 1 3 4 5 7 9 10 11
3770.0 8 0 1 3 4 5 7 9 10 11
3771.0 7 2 3 4 5 7 9 10 11
3772.0 8 0 2 3 4 5 7 9 10 11
3773.0 8 1 2 3 4 5 7 9 10 11
3774.0 9 0 1 2 3 4 5 7 9 10 11
3775.0 4 6 7 9 10 11
3776.0 5 0 6 7 9 10 11
3777.0 5 1 6 7 9 10 11
3778.0 6 0 1 6 7 9 10 11
3779.0 5 2 6 7 9 10 11
3780.0 6 0 2 6 7 9 10 11
3781.0 6 1 2 6 7 9 10 11
3782.0 7 0 1 2 6 7 9 10 11
3783.0 5 3 6 7 9 10 11
3784.0 6 0 3 6 7 9 10 11
3785.0 6 1 3 6 7 9 10 11
3786.0 7 0 1 3 6 7 9 10 11
3787.0 6 2 3 6 7 9 10 11
3788.0 7 0 2 3 6 7 9 10 11
3789.0 7 1 2 3 6 7 9 10 11
3790.0 8 0 1 2 3 6 7 9 10 11
3791.0 5 4 6 7 9 10 11
3792.0 6 0 4 6 7 9 10 11
3793.0 6 1 4 6 7 9 10 11
3794.0 7 0 1 4 6 7 9 10 11
3795.0 6 2 4 6 7 9 10 11
3796.0 7 0 2 4 6 7 9 10 11
3797.0 7 1 2 4 6 7 9 10 11
3798.0 8 0 1 2 4 6 7 9 10 11
3799.0 6 3 4 6 7 9 10 11
3800.0 7 0 3 4 6 7 9 10 11
3801.0 7 1 3 4 6 7 9 10 11
3802.0 8 0 1 3 4 6 7 9 10 11
3803.0 7 2 3 4 6 7 9 10 11
3804.0 8 0 2 3 4 6 7 9 10 11
3805.0 8 1 2 3 4 6 7 9 10 11
3806.0 9 0 1 2 3 4 6 7 9 10 11
3807.0 5 5 6 7 9 10 11
3808.0 6 0 5 6 7 9 10 11
3809.0 6 1 5 6 7 9 10 11
3810.0 7 0 1 5 6 7 9 10 11
3811.0 6 2 5 6 7 9 10 11
3812.0 7 0 2 5 6 7 9 10 11
3813.0 7 1 2 5 6 7 9 10 11
3814.0 8 0 1 2 5 6 7 9 10 11
3815.0 6 3 5 6 7 9 10 11
3816.0 7 0 3 5 6 7 9 10 11
3817.0 7 1 3 5 6 7 9 10 11
3818.0 8 0 1 3 5 6 7 9 10 11
3819.0 7 2 3 5 6 7 9 10 11
3820.0 8 0 2 3 5 6 7 9 10 11
3821.0 8 1 2 3 5 6 7 9 10 11
3822.0 9 0 1 2 3 5 6 7 9 10 11
3823.0 6 4 5 6 7 9 10 11
3824.0 7 0 4 5 6 7 9 10 11
3825.0 7 1 4 5 6 7 9 10 11
3826.0 8 0 1 4 5 6 7 9 10 11
3827.0 7 2 4 5 6 7 9 10 11
3828.0 8 0 2 4 5 6 7 9 10 11
3829.0 8 1 2 4 5 6 7 9 10 11
3830.0 9 0 1 2 4 5 6 7 9 10 11
3831.0 7 3 4 5 6 7 9 10 11
3832.0 8 0 3 4 5 6 7 9 10 11
3833.0 8 1 3 4 5 6 7 9 10 11
3834.0 9 0 1 3 4 5 6 7 9 10 11
3835.0 8 2 3 4 5 6 7 9 10 11
3836.0 9 0 2 3 4 5 6 7 9 10 11
3837.0 9 1 2 3 4 5 6 7 9 10 11
3838.0 10 0 1 2 3 4 5 6 7 9 10 11
3839.0 3 8 9 10 11
3840.0 4 0 8 9 10 11
3841.0 4 1 8 9 10 11
3842.0 5 0 1 8 9 10 11
3843.0 4 2 8 9 10 11
3844.0 5 0 2 8 9 10 11
3845.0 5 1 2 8 9 10 11
3846.0 6 0 1 2 8 9 10 11
3847.0 4 3 8 9 10 11
3848.0 5 0 3 8 9 10 11
3849.0 5 1 3 8 9 10 11
3850.0 6 0 1 3 8 9 10 11
3851.0 5 2 3 8 9 10 11
3852.0 6 0 2 3 8 9 10 11
3853.0 6 1 2 3 8 9 10 11
3854.0 7 0 1 2 3 8 9 10 11
3855.0 4 4 8 9 10 11
3856.0 5 0 4 8 9 10 11
3857.0 5 1 4 8 9 10 11
3858.0 6 0 1 4 8 9 10 11
3859.0 5 2 4 8 9 10 11
3860.0 6 0 2 4 8 9 10 11
3861.0 6 1 2 4 8 9 10 11
3862.0 7 0 1 2 4 8 9 10 11
3863.0 5 3 4 8 9 10 11
3864.0 6 0 3 4 8 9 10 11
3865.0 6 1 3 4 8 9 10 11
3866.0 7 0 1 3 4 8 9 10 11
3867.0 6 2 3 4 8 9 10 11
3868.0 7 0 2 3 4 8 9 10 11
3869.0 7 1 2 3 4 8 9 10 11
3870.0 8 0 1 2 3 4 8 9 10 11
3871.0 4 5 8 9 10 11
3872.0 5 0 5 8 9 10 11
3873.0 5 1 5 8 9 10 11
3874.0 6 0 1 5 8 9 10 11
3875.0 5 2 5 8 9 10 11
3876.0 6 0 2 5 8 9 10 11
3877.0 6 1 2 5 8 9 10 11
3878.0 7 0 1 2 5 8 9 10 11
3879.0 5 3 5 8 9 10 11
3880.0 6 0 3 5 8 9 10 11
3881.0 6 1 3 5 8 9 10 11
3882.0 7 0 1 3 5 8 9 10 11
3883.0 6 2 3 5 8 9 10 11
3884.0 7 0 2 3 5 8 9 10 11
3885.0 7 1 2 3 5 8 9 10 11
3886.0 8 0 1 2 3 5 8 9 10 11
3887.0 5 4 5 8 9 10 11
3888.0 6 0 4 5 8 9 10 11
3889.0 6 1 4 5 8 9 10 11
3890.0 7 0 1 4 5 8 9 10 11
3891.0 6 2 4 5 8 9 10 11
3892.0 7 0 2 4 5 8 9 10 11
3893.0 7 1 2 4 5 8 9 10 11
3894.0 8 0 1 2 4 5 8 9 10 11
3895.0 6 3 4 5 8 9 10 11
3896.0 7 0 3 4 5 8 9 10 11
3897.0 7 1 3 4 5 8 9 10 11
3898.0 8 0 1 3 4 5 8 9 10 11
3899.0 7 2 3 4 5 8 9 10 11
3900.0 8 0 2 3 4 5 8 9 10 11
3901.0 8 1 2 3 4 5 8 9 10 11
3902.0 9 0 1 2 3 4 5 8 9 10 11
3903.0 4 6 8 9 10 11
3904.0 5 0 6 8 9 10 11
3905.0 5 1 6 8 9 10 11
3906.0 6 0 1 6 8 9 10 11
3907.0 5 2 6 8 9 10 11
3908.0 6 0 2 6 8 9 10 11
3909.0 6 1 2 6 8 9 10 11
3910.0 7 0 1 2 6 8 9 10 11
3911.0 5 3 6 8 9 10 11
3912.0 6 0 3 6 8 9 10 11
3913.0 6 1 3 6 8 9 10 11
3914.0 7 0 1 3 6 8 9 10 11
3915.0 6 2 3 6 8 9 10 11
3916.0 7 0 2 3 6 8 9 10 11
3917.0 7 1 2 3 6 8 9 10 11
3918.0 8 0 1 2 3 6 8 9 10 11
3919.0 5 4 6 8 9 10 11
3920.0 6 0 4 6 8 9 10 11
3921.0 6 1 4 6 8 9 10 11
3922.0 7 0 1 4 6 8 9 10 11
3923.0 6 2 4 6 8 9 10 11
3924.0 7 0 2 4 6 8 9 10 11
3925.0 7 1 2 4 6 8 9 10 11
3926.0 8 0 1 2 4 6 8 9 10 11
3927.0 6 3 4 6 8 9 10 11
3928.0 7 0 3 4 6 8 9 10 11
3929.0 7 1 3 4 6 8 9 10 11
3930.0 8 0 1 3 4 6 8 9 10 11
3931.0 7 2 3 4 6 8 9 10 11
3932.0 8 0 2 3 4 6 8 9 10 11
3933.0 8 1 2 3 4 6 8 9 10 11
3934.0 9 0 1 2 3 4 6 8 9 10 11
3935.0 5 5 6 8 9 10 11
3936.0 6 0 5 6 8 9 10 11
3937.0 6 1 5 6 8 9 10 11
3938.0 7 0 1 5 6 8 9 10 11
3939.0 6 2 5 6 8 9 10 11
3940.0 7 0 2 5 6 8 9 10 11
3941.0 7 1 2 5 6 8 9 10 11
3942.0 8 0 1 2 5 6 8 9 10 11
3943.0 6 3 5 6 8 9 10 11
3944.0 7 0 3 5 6 8 9 10 11
3945.0 7 1 3 5 6 8 9 10 11
3946.0 8 0 1 3 5 6 8 9 10 11
3947.0 7 2 3 5 6 8 9 10 11
3948.0 8 0 2 3 5 6 8 9 10 11
3949.0 8 1 2 3 5 6 8 9 10 11
3950.0 9 0 1 2 3 5 6 8 9 10 11
3951.0 6 4 5 6 8 9 10 11
3952.0 7 0 4 5 6 8 9 10 11
3953.0 7 1 4 5 6 8 9 10 11
3954.0 8 0 1 4 5 6 8 9 10 11
3955.0 7 2 4 5 6 8 9 10 11
3956.0 8 0 2 4 5 6 8 9 10 11
3957.0 8 1 2 4 5 6 8 9 10 11
3958.0 9 0 1 2 4 5 6 8 9 10 11
3959.0 7 3 4 5 6 8 9 10 11
3960.0 8 0 3 4 5 6 8 9 10 11
3961.0 8 1 3 4 5 6 8 9 10 11
3962.0 9 0 1 3 4 5 6 8 9 10 11
3963.0 8 2 3 4 5 6 8 9 10 11
3964.0 9 0 2 3 4 5 6 8 9 10 11
3965.0 9 1 2 3 4 5 6 8 9 10 11
3966.0 10 0 1 2 3 4 5 6 8 9 10 11
3967.0 4 7 8 9 10 11
3968.0 5 0 7 8 9 10 11
3969.0 5 1 7 8 9 10 11
3970.0 6 0 1 7 8 9 10 11
3971.0 5 2 7 8 9 10 11
3972.0 6 0 2 7 8 9 10 11
3973.0 6 1 2 7 8 9 10 11
3974.0 7 0 1 2 7 8 9 10 11
3975.0 5 3 7 8 9 10 11
3976.0 6 0 3 7 8 9 10 11
3977.0 6 1 3 7 8 9 10 11
3978.0 7 0 1 3 7 8 9 10 11
3979.0 6 2 3 7 8 9 10 11
3980.0 7 0 2 3 7 8 9 10 11
3981.0 7 1 2 3 7 8 9 10 11
3982.0 8 0 1 2 3 7 8 9 10 11
3983.0 5 4 7 8 9 10 11
3984.0 6 0 4 7 8 9 10 11
3985.0 6 1 4 7 8 9 10 11
3986.0 7 0 1 4 7 8 9 10 11
3987.0 6 2 4 7 8 9 10 11
3988.0 7 0 2 4 7 8 9 10 11
3989.0 7 1 2 4 7 8 9 10 11
3990.0 8 0 1 2 4 7 8 9 10 11
3991.0 6 3 4 7 8 9 10 11
3992.0 7 0 3 4 7 8 9 10 11
3993.0 7 1 3 4 7 8 9 10 11
3994.0 8 0 1 3 4 7 8 9 10 11
3995.0 7 2 3 4 7 8 9 10 11
3996.0 8 0 2 3 4 7 8 9 10 11
3997.0 8 1 2 3 4 7 8 9 10 11
3998.0 9 0 1 2 3 4 7 8 9 10 11
3999.0 5 5 7 8 9 10 11
4000.0 6 0 5 7 8 9 10 11
4001.0 6 1 5 7 8 9 10 11
4002.0 7 0 1 5 7 8 9 10 11
4003.0 6 2 5 7 8 9 10 11
4004.0 7 0 2 5 7 8 9 10 11
4005.0 7 1 2 5 7 8 9 10 11
4006.0 8 0 1 2 5 7 8 9 10 11
4007.0 6 3 5 7 8 9 10 11
4008.0 7 0 3 5 7 8 9 10 11
4009.0 7 1 3 5 7 8 9 10 11
4010.0 8 0 1 3 5 7 8 9 10 11
4011.0 7 2 3 5 7 8 9 10 11
4012.0 8 0 2 3 5 7 8 9 10 11
4013.0 8 1 2 3 5 7 8 9 10 11
4014.0 9 0 1 2 3 5 7 8 9 10 11
4015.0 6 4 5 7 8 9 10 11
4016.0 7 0 4 5 7 8 9 10 11
4017.0 7 1 4 5 7 8 9 10 11
4018.0 8 0 1 4 5 7 8 9 10 11
4019.0 7 2 4 5 7 8 9 10 11
4020.0 8 0 2 4 5 7 8 9 10 11
4021.0 8 1 2 4 5 7 8 9 10 11
4022.0 9 0 1 2 4 5 7 8 9 10 11
4023.0 7 3 4 5 7 8 9 10 11
4024.0 8 0 3 4 5 7 8 9 10 11
4025.0 8 1 3 4 5 7 8 9 10 11
4026.0 9 0 1 3 4 5 7 8 9 10 11
4027.0 8 2 3 4 5 7 8 9 10 11
4028.0 9 0 2 3 4 5 7 8 9 10 11
4029.0 9 1 2 3 4 5 7 8 9 10 11
4030.0 10 0 1 2 3 4 5 7 8 9 10 11
4031.0 5 6 7 8 9 10 11
4032.0 6 0 6 7 8 9 10 11
4033.0 6 1 6 7 8 9 10 11
4034.0 7 0 1 6 7 8 9 10 11
4035.0 6 2 6 7 8 9 10 11
4036.0 7 0 2 6 7 8 9 10 11
4037.0 7 1 2 6 7 8 9 10 11
4038.0 8 0 1 2 6 7 8 9 10 11
4039.0 6 3 6 7 8 9 10 11
4040.0 7 0 3 6 7 8 9 10 11
4041.0 7 1 3 6 7 8 9 10 11
4042.0 8 0 1 3 6 7 8 9 10 11
4043.0 7 2 3 6 7 8 9 10 11
4044.0 8 0 2 3 6 7 8 9 10 11
4045.0 8 1 2 3 6 7 8 9 10 11
4046.0 9 0 1 2 3 6 7 8 9 10 11
4047.0 6 4 6 7 8 9 10 11
4048.0 7 0 4 6 7 8 9 10 11
4049.0 7 1 4 6 7 8 9 10 11
4050.0 8 0 1 4 6 7 8 9 10 11
4051.0 7 2 4 6 7 8 9 10 11
4052.0 8 0 2 4 6 7 8 9 10 11
4053.0 8 1 2 4 6 7 8 9 10 11
4054.0 9 0 1 2 4 6 7 8 9 10 11
4055.0 7 3 4 6 7 8 9 10 11
4056.0 8 0 3 4 6 7 8 9 10 11
4057.0 8 1 3 4 6 7 8 9 10 11
4058.0 9 0 1 3 4 6 7 8 9 10 11
4059.0 8 2 3 4 6 7 8 9 10 11
4060.0 9 0 2 3 4 6 7 8 9 10 11
4061.0 9 1 2 3 4 6 7 8 9 10 11
4062.0 10 0 1 2 3 4 6 7 8 9 10 11
4063.0 6 5 6 7 8 9 10 11
4064.0 7 0 5 6 7 8 9 10 11
4065.0 7 1 5 6 7 8 9 10 11
4066.0 8 0 1 5 6 7 8 9 10 11
4067.0 7 2 5 6 7 8 9 10 11
4068.0 8 0 2 5 6 7 8 9 10 11
4069.0 8 1 2 5 6 7 8 9 10 11
4070.0 9 0 1 2 5 6 7 8 9 10 11
4071.0 7 3 5 6 7 8 9 10 11
4072.0 8 0 3 5 6 7 8 9 10 11
4073.0 8 1 3 5 6 7 8 9 10 11
4074.0 9 0 1 3 5 6 7 8 9 10 11
4075.0 8 2 3 5 6 7 8 9 10 11
4076.0 9 0 2 3 5 6 7 8 9 10 11
4077.0 9 1 2 3 5 6 7 8 9 10 11
4078.0 10 0 1 2 3 5 6 7 8 9 10 11
4079.0 7 4 5 6 7 8 9 10 11
4080.0 8 0 4 5 6 7 8 9 10 11
4081.0 8 1 4 5 6 7 8 9 10 11
4082.0 9 0 1 4 5 6 7 8 9 10 11
4083.0 8 2 4 5 6 7 8 9 10 11
4084.0 9 0 2 4 5 6 7 8 9 10 11
4085.0 9 1 2 4 5 6 7 8 9 10 11
4086.0 10 0 1 2 4 5 6 7 8 9 10 11
4087.0 8 3 4 5 6 7 8 9 10 11
4088.0 9 0 3 4 5 6 7 8 9 10 11
4089.0 9 1 3 4 5 6 7 8 9 10 11
4090.0 10 0 1 3 4 5 6 7 8 9 10 11
4091.0 9 2 3 4 5 6 7 8 9 10 11
4092.0 10 0 2 3 4 5 6 7 8 9 10 11
4093.0 10 1 2 3 4 5 6 7 8 9 10 11
