0.0 0 0
1.0 0 1
2.0 1 0 1
3.0 0 2
4.0 1 0 2
5.0 1 1 2
6.0 2 0 1 2
7.0 0 3
8.0 1 0 3
9.0 1 1 3
10.0 2 0 1 3
11.0 1 2 3
12.0 2 0 2 3
13.0 2 1 2 3
14.0 3 0 1 2 3
15.0 0 4
16.0 1 0 4
17.0 1 1 4
18.0 2 0 1 4
19.0 1 2 4
20.0 2 0 2 4
21.0 2 1 2 4
22.0 3 0 1 2 4
23.0 1 3 4
24.0 2 0 3 4
25.0 2 1 3 4
26.0 3 0 1 3 4
27.0 2 2 3 4
28.0 3 0 2 3 4
29.0 3 1 2 3 4
30.0 4 0 1 2 3 4
31.0 0 5
32.0 1 0 5
33.0 1 1 5
34.0 2 0 1 5
35.0 1 2 5
36.0 2 0 2 5
37.0 2 1 2 5
38.0 3 0 1 2 5
39.0 1 3 5
40.0 2 0 3 5
41.0 2 1 3 5
42.0 3 0 1 3 5
43.0 2 2 3 5
44.0 3 0 2 3 5
45.0 3 1 2 3 5
46.0 4 0 1 2 3 5
47.0 1 4 5
48.0 2 0 4 5
49.0 2 1 4 5
50.0 3 0 1 4 5
51.0 2 2 4 5
52.0 3 0 2 4 5
53.0 3 1 2 4 5
54.0 4 0 1 2 4 5
55.0 2 3 4 5
56.0 3 0 3 4 5
57.0 3 1 3 4 5
58.0 4 0 1 3 4 5
59.0 3 2 3 4 5
60.0 4 0 2 3 4 5
61.0 4 1 2 3 4 5
62.0 5 0 1 2 3 4 5
63.0 0 6
64.0 1 0 6
65.0 1 1 6
66.0 2 0 1 6
67.0 1 2 6
68.0 2 0 2 6
69.0 2 1 2 6
70.0 3 0 1 2 6
71.0 1 3 6
72.0 2 0 3 6
73.0 2 1 3 6
74.0 3 0 1 3 6
75.0 2 2 3 6
76.0 3 0 2 3 6
77.0 3 1 2 3 6
78.0 4 0 1 2 3 6
79.0 1 4 6
80.0 2 0 4 6
81.0 2 1 4 6
82.0 3 0 1 4 6
83.0 2 2 4 6
84.0 3 0 2 4 6
85.0 3 1 2 4 6
86.0 4 0 1 2 4 6
87.0 2 3 4 6
88.0 3 0 3 4 6
89.0 3 1 3 4 6
90.0 4 0 1 3 4 6
91.0 3 2 3 4 6
92.0 4 0 2 3 4 6
93.0 4 1 2 3 4 6
94.0 5 0 1 2 3 4 6
95.0 1 5 6
96.0 2 0 5 6
97.0 2 1 5 6
98.0 3 0 1 5 6
99.0 2 2 5 6
100.0 3 0 2 5 6
101.0 3 1 2 5 6
102.0 4 0 1 2 5 6
103.0 2 3 5 6
104.0 3 0 3 5 6
105.0 3 1 3 5 6
106.0 4 0 1 3 5 6
107.0 3 2 3 5 6
108.0 4 0 2 3 5 6
109.0 4 1 2 3 5 6
110.0 5 0 1 2 3 5 6
111.0 2 4 5 6
112.0 3 0 4 5 6
113.0 3 1 4 5 6
114.0 4 0 1 4 5 6
115.0 3 2 4 5 6
116.0 4 0 2 4 5 6
117.0 4 1 2 4 5 6
118.0 5 0 1 2 4 5 6
119.0 3 3 4 5 6
120.0 4 0 3 4 5 6
121.0 4 1 3 4 5 6
122.0 5 0 1 3 4 5 6
123.0 4 2 3 4 5 6
124.0 5 0 2 3 4 5 6
125.0 5 1 2 3 4 5 6
126.0 6 0 1 2 3 4 5 6
127.0 0 7
128.0 1 0 7
129.0 1 1 7
130.0 2 0 1 7
131.0 1 2 7
132.0 2 0 2 7
133.0 2 1 2 7
134.0 3 0 1 2 7
135.0 1 3 7
136.0 2 0 3 7
137.0 2 1 3 7
138.0 3 0 1 3 7
139.0 2 2 3 7
140.0 3 0 2 3 7
141.0 3 1 2 3 7
142.0 4 0 1 2 3 7
143.0 1 4 7
144.0 2 0 4 7
145.0 2 1 4 7
146.0 3 0 1 4 7
147.0 2 2 4 7
148.0 3 0 2 4 7
149.0 3 1 2 4 7
150.0 4 0 1 2 4 7
151.0 2 3 4 7
152.0 3 0 3 4 7
153.0 3 1 3 4 7
154.0 4 0 1 3 4 7
155.0 3 2 3 4 7
156.0 4 0 2 3 4 7
157.0 4 1 2 3 4 7
158.0 5 0 1 2 3 4 7
159.0 1 5 7
160.0 2 0 5 7
161.0 2 1 5 7
162.0 3 0 1 5 7
163.0 2 2 5 7
164.0 3 0 2 5 7
165.0 3 1 2 5 7
166.0 4 0 1 2 5 7
167.0 2 3 5 7
168.0 3 0 3 5 7
169.0 3 1 3 5 7
170.0 4 0 1 3 5 7
171.0 3 2 3 5 7
172.0 4 0 2 3 5 7
173.0 4 1 2 3 5 7
174.0 5 0 1 2 3 5 7
175.0 2 4 5 7
176.0 3 0 4 5 7
177.0 3 1 4 5 7
178.0 4 0 1 4 5 7
179.0 3 2 4 5 7
180.0 4 0 2 4 5 7
181.0 4 1 2 4 5 7
182.0 5 0 1 2 4 5 7
183.0 3 3 4 5 7
184.0 4 0 3 4 5 7
185.0 4 1 3 4 5 7
186.0 5 0 1 3 4 5 7
187.0 4 2 3 4 5 7
188.0 5 0 2 3 4 5 7
189.0 5 1 2 3 4 5 7
190.0 6 0 1 2 3 4 5 7
191.0 1 6 7
192.0 2 0 6 7
193.0 2 1 6 7
194.0 3 0 1 6 7
195.0 2 2 6 7
196.0 3 0 2 6 7
197.0 3 1 2 6 7
198.0 4 0 1 2 6 7
199.0 2 3 6 7
200.0 3 0 3 6 7
201.0 3 1 3 6 7
202.0 4 0 1 3 6 7
203.0 3 2 3 6 7
204.0 4 0 2 3 6 7
205.0 4 1 2 3 6 7
206.0 5 0 1 2 3 6 7
207.0 2 4 6 7
208.0 3 0 4 6 7
209.0 3 1 4 6 7
210.0 4 0 1 4 6 7
211.0 3 2 4 6 7
212.0 4 0 2 4 6 7
213.0 4 1 2 4 6 7
214.0 5 0 1 2 4 6 7
215.0 3 3 4 6 7
216.0 4 0 3 4 6 7
217.0 4 1 3 4 6 7
218.0 5 0 1 3 4 6 7
219.0 4 2 3 4 6 7
220.0 5 0 2 3 4 6 7
221.0 5 1 2 3 4 6 7
222.0 6 0 1 2 3 4 6 7
223.0 2 5 6 7
224.0 3 0 5 6 7
225.0 3 1 5 6 7
226.0 4 0 1 5 6 7
227.0 3 2 5 6 7
228.0 4 0 2 5 6 7
229.0 4 1 2 5 6 7
230.0 5 0 1 2 5 6 7
231.0 3 3 5 6 7
232.0 4 0 3 5 6 7
233.0 4 1 3 5 6 7
234.0 5 0 1 3 5 6 7
235.0 4 2 3 5 6 7
236.0 5 0 2 3 5 6 7
237.0 5 1 2 3 5 6 7
238.0 6 0 1 2 3 5 6 7
239.0 3 4 5 6 7
240.0 4 0 4 5 6 7
241.0 4 1 4 5 6 7
242.0 5 0 1 4 5 6 7
243.0 4 2 4 5 6 7
244.0 5 0 2 4 5 6 7
245.0 5 1 2 4 5 6 7
246.0 6 0 1 2 4 5 6 7
247.0 4 3 4 5 6 7
248.0 5 0 3 4 5 6 7
249.0 5 1 3 4 5 6 7
250.0 6 0 1 3 4 5 6 7
251.0 5 2 3 4 5 6 7
252.0 6 0 2 3 4 5 6 7
253.0 6 1 2 3 4 5 6 7
