0.0 0 0
1.0 0 1
2.0 1 0 1
3.0 0 2
4.0 1 0 2
5.0 1 1 2
6.0 2 0 1 2
7.0 0 3
8.0 1 0 3
9.0 1 1 3
10.0 2 0 1 3
11.0 1 2 3
12.0 2 0 2 3
13.0 2 1 2 3
14.0 3 0 1 2 3
15.0 0 4
16.0 1 0 4
17.0 1 1 4
18.0 2 0 1 4
19.0 1 2 4
20.0 2 0 2 4
21.0 2 1 2 4
22.0 3 0 1 2 4
23.0 1 3 4
24.0 2 0 3 4
25.0 2 1 3 4
26.0 3 0 1 3 4
27.0 2 2 3 4
28.0 3 0 2 3 4
29.0 3 1 2 3 4
30.0 4 0 1 2 3 4
31.0 0 5
32.0 1 0 5
33.0 1 1 5
34.0 2 0 1 5
35.0 1 2 5
36.0 2 0 2 5
37.0 2 1 2 5
38.0 3 0 1 2 5
39.0 1 3 5
40.0 2 0 3 5
41.0 2 1 3 5
42.0 3 0 1 3 5
43.0 2 2 3 5
44.0 3 0 2 3 5
45.0 3 1 2 3 5
46.0 4 0 1 2 3 5
47.0 1 4 5
48.0 2 0 4 5
49.0 2 1 4 5
50.0 3 0 1 4 5
51.0 2 2 4 5
52.0 3 0 2 4 5
53.0 3 1 2 4 5
54.0 4 0 1 2 4 5
55.0 2 3 4 5
56.0 3 0 3 4 5
57.0 3 1 3 4 5
58.0 4 0 1 3 4 5
59.0 3 2 3 4 5
60.0 4 0 2 3 4 5
61.0 4 1 2 3 4 5
62.0 5 0 1 2 3 4 5
63.0 0 6
64.0 1 0 6
65.0 1 1 6
66.0 2 0 1 6
67.0 1 2 6
68.0 2 0 2 6
69.0 2 1 2 6
70.0 3 0 1 2 6
71.0 1 3 6
72.0 2 0 3 6
73.0 2 1 3 6
74.0 3 0 1 3 6
75.0 2 2 3 6
76.0 3 0 2 3 6
77.0 3 1 2 3 6
78.0 4 0 1 2 3 6
79.0 1 4 6
80.0 2 0 4 6
81.0 2 1 4 6
82.0 3 0 1 4 6
83.0 2 2 4 6
84.0 3 0 2 4 6
85.0 3 1 2 4 6
86.0 4 0 1 2 4 6
87.0 2 3 4 6
88.0 3 0 3 4 6
89.0 3 1 3 4 6
90.0 4 0 1 3 4 6
91.0 3 2 3 4 6
92.0 4 0 2 3 4 6
93.0 4 1 2 3 4 6
94.0 5 0 1 2 3 4 6
95.0 1 5 6
96.0 2 0 5 6
97.0 2 1 5 6
98.0 3 0 1 5 6
99.0 2 2 5 6
100.0 3 0 2 5 6
101.0 3 1 2 5 6
102.0 4 0 1 2 5 6
103.0 2 3 5 6
104.0 3 0 3 5 6
105.0 3 1 3 5 6
106.0 4 0 1 3 5 6
107.0 3 2 3 5 6
108.0 4 0 2 3 5 6
109.0 4 1 2 3 5 6
110.0 5 0 1 2 3 5 6
111.0 2 4 5 6
112.0 3 0 4 5 6
113.0 3 1 4 5 6
114.0 4 0 1 4 5 6
115.0 3 2 4 5 6
116.0 4 0 2 4 5 6
117.0 4 1 2 4 5 6
118.0 5 0 1 2 4 5 6
119.0 3 3 4 5 6
120.0 4 0 3 4 5 6
121.0 4 1 3 4 5 6
122.0 5 0 1 3 4 5 6
123.0 4 2 3 4 5 6
124.0 5 0 2 3 4 5 6
125.0 5 1 2 3 4 5 6
126.0 6 0 1 2 3 4 5 6
127.0 0 7
128.0 1 0 7
129.0 1 1 7
130.0 2 0 1 7
131.0 1 2 7
132.0 2 0 2 7
133.0 2 1 2 7
134.0 3 0 1 2 7
135.0 1 3 7
136.0 2 0 3 7
137.0 2 1 3 7
138.0 3 0 1 3 7
139.0 2 2 3 7
140.0 3 0 2 3 7
141.0 3 1 2 3 7
142.0 4 0 1 2 3 7
143.0 1 4 7
144.0 2 0 4 7
145.0 2 1 4 7
146.0 3 0 1 4 7
147.0 2 2 4 7
148.0 3 0 2 4 7
149.0 3 1 2 4 7
150.0 4 0 1 2 4 7
151.0 2 3 4 7
152.0 3 0 3 4 7
153.0 3 1 3 4 7
154.0 4 0 1 3 4 7
155.0 3 2 3 4 7
156.0 4 0 2 3 4 7
157.0 4 1 2 3 4 7
158.0 5 0 1 2 3 4 7
159.0 1 5 7
160.0 2 0 5 7
161.0 2 1 5 7
162.0 3 0 1 5 7
163.0 2 2 5 7
164.0 3 0 2 5 7
165.0 3 1 2 5 7
166.0 4 0 1 2 5 7
167.0 2 3 5 7
168.0 3 0 3 5 7
169.0 3 1 3 5 7
170.0 4 0 1 3 5 7
171.0 3 2 3 5 7
172.0 4 0 2 3 5 7
173.0 4 1 2 3 5 7
174.0 5 0 1 2 3 5 7
175.0 2 4 5 7
176.0 3 0 4 5 7
177.0 3 1 4 5 7
178.0 4 0 1 4 5 7
179.0 3 2 4 5 7
180.0 4 0 2 4 5 7
181.0 4 1 2 4 5 7
182.0 5 0 1 2 4 5 7
183.0 3 3 4 5 7
184.0 4 0 3 4 5 7
185.0 4 1 3 4 5 7
186.0 5 0 1 3 4 5 7
187.0 4 2 3 4 5 7
188.0 5 0 2 3 4 5 7
189.0 5 1 2 3 4 5 7
190.0 6 0 1 2 3 4 5 7
191.0 1 6 7
192.0 2 0 6 7
193.0 2 1 6 7
194.0 3 0 1 6 7
195.0 2 2 6 7
196.0 3 0 2 6 7
197.0 3 1 2 6 7
198.0 4 0 1 2 6 7
199.0 2 3 6 7
200.0 3 0 3 6 7
201.0 3 1 3 6 7
202.0 4 0 1 3 6 7
203.0 3 2 3 6 7
204.0 4 0 2 3 6 7
205.0 4 1 2 3 6 7
206.0 5 0 1 2 3 6 7
207.0 2 4 6 7
208.0 3 0 4 6 7
209.0 3 1 4 6 7
210.0 4 0 1 4 6 7
211.0 3 2 4 6 7
212.0 4 0 2 4 6 7
213.0 4 1 2 4 6 7
214.0 5 0 1 2 4 6 7
215.0 3 3 4 6 7
216.0 4 0 3 4 6 7
217.0 4 1 3 4 6 7
218.0 5 0 1 3 4 6 7
219.0 4 2 3 4 6 7
220.0 5 0 2 3 4 6 7
221.0 5 1 2 3 4 6 7
222.0 6 0 1 2 3 4 6 7
223.0 2 5 6 7
224.0 3 0 5 6 7
225.0 3 1 5 6 7
226.0 4 0 1 5 6 7
227.0 3 2 5 6 7
228.0 4 0 2 5 6 7
229.0 4 1 2 5 6 7
230.0 5 0 1 2 5 6 7
231.0 3 3 5 6 7
232.0 4 0 3 5 6 7
233.0 4 1 3 5 6 7
234.0 5 0 1 3 5 6 7
235.0 4 2 3 5 6 7
236.0 5 0 2 3 5 6 7
237.0 5 1 2 3 5 6 7
238.0 6 0 1 2 3 5 6 7
239.0 3 4 5 6 7
240.0 4 0 4 5 6 7
241.0 4 1 4 5 6 7
242.0 5 0 1 4 5 6 7
243.0 4 2 4 5 6 7
244.0 5 0 2 4 5 6 7
245.0 5 1 2 4 5 6 7
246.0 6 0 1 2 4 5 6 7
247.0 4 3 4 5 6 7
248.0 5 0 3 4 5 6 7
249.0 5 1 3 4 5 6 7
250.0 6 0 1 3 4 5 6 7
251.0 5 2 3 4 5 6 7
252.0 6 0 2 3 4 5 6 7
253.0 6 1 2 3 4 5 6 7
254.0 7 0 1 2 3 4 5 6 7
255.0 0 8
256.0 1 0 8
257.0 1 1 8
258.0 2 0 1 8
259.0 1 2 8
260.0 2 0 2 8
261.0 2 1 2 8
262.0 3 0 1 2 8
263.0 1 3 8
264.0 2 0 3 8
265.0 2 1 3 8
266.0 3 0 1 3 8
267.0 2 2 3 8
268.0 3 0 2 3 8
269.0 3 1 2 3 8
270.0 4 0 1 2 3 8
271.0 1 4 8
272.0 2 0 4 8
273.0 2 1 4 8
274.0 3 0 1 4 8
275.0 2 2 4 8
276.0 3 0 2 4 8
277.0 3 1 2 4 8
278.0 4 0 1 2 4 8
279.0 2 3 4 8
280.0 3 0 3 4 8
281.0 3 1 3 4 8
282.0 4 0 1 3 4 8
283.0 3 2 3 4 8
284.0 4 0 2 3 4 8
285.0 4 1 2 3 4 8
286.0 5 0 1 2 3 4 8
287.0 1 5 8
288.0 2 0 5 8
289.0 2 1 5 8
290.0 3 0 1 5 8
291.0 2 2 5 8
292.0 3 0 2 5 8
293.0 3 1 2 5 8
294.0 4 0 1 2 5 8
295.0 2 3 5 8
296.0 3 0 3 5 8
297.0 3 1 3 5 8
298.0 4 0 1 3 5 8
299.0 3 2 3 5 8
300.0 4 0 2 3 5 8
301.0 4 1 2 3 5 8
302.0 5 0 1 2 3 5 8
303.0 2 4 5 8
304.0 3 0 4 5 8
305.0 3 1 4 5 8
306.0 4 0 1 4 5 8
307.0 3 2 4 5 8
308.0 4 0 2 4 5 8
309.0 4 1 2 4 5 8
310.0 5 0 1 2 4 5 8
311.0 3 3 4 5 8
312.0 4 0 3 4 5 8
313.0 4 1 3 4 5 8
314.0 5 0 1 3 4 5 8
315.0 4 2 3 4 5 8
316.0 5 0 2 3 4 5 8
317.0 5 1 2 3 4 5 8
318.0 6 0 1 2 3 4 5 8
319.0 1 6 8
320.0 2 0 6 8
321.0 2 1 6 8
322.0 3 0 1 6 8
323.0 2 2 6 8
324.0 3 0 2 6 8
325.0 3 1 2 6 8
326.0 4 0 1 2 6 8
327.0 2 3 6 8
328.0 3 0 3 6 8
329.0 3 1 3 6 8
330.0 4 0 1 3 6 8
331.0 3 2 3 6 8
332.0 4 0 2 3 6 8
333.0 4 1 2 3 6 8
334.0 5 0 1 2 3 6 8
335.0 2 4 6 8
336.0 3 0 4 6 8
337.0 3 1 4 6 8
338.0 4 0 1 4 6 8
339.0 3 2 4 6 8
340.0 4 0 2 4 6 8
341.0 4 1 2 4 6 8
342.0 5 0 1 2 4 6 8
343.0 3 3 4 6 8
344.0 4 0 3 4 6 8
345.0 4 1 3 4 6 8
346.0 5 0 1 3 4 6 8
347.0 4 2 3 4 6 8
348.0 5 0 2 3 4 6 8
349.0 5 1 2 3 4 6 8
350.0 6 0 1 2 3 4 6 8
351.0 2 5 6 8
352.0 3 0 5 6 8
353.0 3 1 5 6 8
354.0 4 0 1 5 6 8
355.0 3 2 5 6 8
356.0 4 0 2 5 6 8
357.0 4 1 2 5 6 8
358.0 5 0 1 2 5 6 8
359.0 3 3 5 6 8
360.0 4 0 3 5 6 8
361.0 4 1 3 5 6 8
362.0 5 0 1 3 5 6 8
363.0 4 2 3 5 6 8
364.0 5 0 2 3 5 6 8
365.0 5 1 2 3 5 6 8
366.0 6 0 1 2 3 5 6 8
367.0 3 4 5 6 8
368.0 4 0 4 5 6 8
369.0 4 1 4 5 6 8
370.0 5 0 1 4 5 6 8
371.0 4 2 4 5 6 8
372.0 5 0 2 4 5 6 8
373.0 5 1 2 4 5 6 8
374.0 6 0 1 2 4 5 6 8
375.0 4 3 4 5 6 8
376.0 5 0 3 4 5 6 8
377.0 5 1 3 4 5 6 8
378.0 6 0 1 3 4 5 6 8
379.0 5 2 3 4 5 6 8
380.0 6 0 2 3 4 5 6 8
381.0 6 1 2 3 4 5 6 8
382.0 7 0 1 2 3 4 5 6 8
383.0 1 7 8
384.0 2 0 7 8
385.0 2 1 7 8
386.0 3 0 1 7 8
387.0 2 2 7 8
388.0 3 0 2 7 8
389.0 3 1 2 7 8
390.0 4 0 1 2 7 8
391.0 2 3 7 8
392.0 3 0 3 7 8
393.0 3 1 3 7 8
394.0 4 0 1 3 7 8
395.0 3 2 3 7 8
396.0 4 0 2 3 7 8
397.0 4 1 2 3 7 8
398.0 5 0 1 2 3 7 8
399.0 2 4 7 8
400.0 3 0 4 7 8
401.0 3 1 4 7 8
402.0 4 0 1 4 7 8
403.0 3 2 4 7 8
404.0 4 0 2 4 7 8
405.0 4 1 2 4 7 8
406.0 5 0 1 2 4 7 8
407.0 3 3 4 7 8
408.0 4 0 3 4 7 8
409.0 4 1 3 4 7 8
410.0 5 0 1 3 4 7 8
411.0 4 2 3 4 7 8
412.0 5 0 2 3 4 7 8
413.0 5 1 2 3 4 7 8
414.0 6 0 1 2 3 4 7 8
415.0 2 5 7 8
416.0 3 0 5 7 8
417.0 3 1 5 7 8
418.0 4 0 1 5 7 8
419.0 3 2 5 7 8
420.0 4 0 2 5 7 8
421.0 4 1 2 5 7 8
422.0 5 0 1 2 5 7 8
423.0 3 3 5 7 8
424.0 4 0 3 5 7 8
425.0 4 1 3 5 7 8
426.0 5 0 1 3 5 7 8
427.0 4 2 3 5 7 8
428.0 5 0 2 3 5 7 8
429.0 5 1 2 3 5 7 8
430.0 6 0 1 2 3 5 7 8
431.0 3 4 5 7 8
432.0 4 0 4 5 7 8
433.0 4 1 4 5 7 8
434.0 5 0 1 4 5 7 8
435.0 4 2 4 5 7 8
436.0 5 0 2 4 5 7 8
437.0 5 1 2 4 5 7 8
438.0 6 0 1 2 4 5 7 8
439.0 4 3 4 5 7 8
440.0 5 0 3 4 5 7 8
441.0 5 1 3 4 5 7 8
442.0 6 0 1 3 4 5 7 8
443.0 5 2 3 4 5 7 8
444.0 6 0 2 3 4 5 7 8
445.0 6 1 2 3 4 5 7 8
446.0 7 0 1 2 3 4 5 7 8
447.0 2 6 7 8
448.0 3 0 6 7 8
449.0 3 1 6 7 8
450.0 4 0 1 6 7 8
451.0 3 2 6 7 8
452.0 4 0 2 6 7 8
453.0 4 1 2 6 7 8
454.0 5 0 1 2 6 7 8
455.0 3 3 6 7 8
456.0 4 0 3 6 7 8
457.0 4 1 3 6 7 8
458.0 5 0 1 3 6 7 8
459.0 4 2 3 6 7 8
460.0 5 0 2 3 6 7 8
461.0 5 1 2 3 6 7 8
462.0 6 0 1 2 3 6 7 8
463.0 3 4 6 7 8
464.0 4 0 4 6 7 8
465.0 4 1 4 6 7 8
466.0 5 0 1 4 6 7 8
467.0 4 2 4 6 7 8
468.0 5 0 2 4 6 7 8
469.0 5 1 2 4 6 7 8
470.0 6 0 1 2 4 6 7 8
471.0 4 3 4 6 7 8
472.0 5 0 3 4 6 7 8
473.0 5 1 3 4 6 7 8
474.0 6 0 1 3 4 6 7 8
475.0 5 2 3 4 6 7 8
476.0 6 0 2 3 4 6 7 8
477.0 6 1 2 3 4 6 7 8
478.0 7 0 1 2 3 4 6 7 8
479.0 3 5 6 7 8
480.0 4 0 5 6 7 8
481.0 4 1 5 6 7 8
482.0 5 0 1 5 6 7 8
483.0 4 2 5 6 7 8
484.0 5 0 2 5 6 7 8
485.0 5 1 2 5 6 7 8
486.0 6 0 1 2 5 6 7 8
487.0 4 3 5 6 7 8
488.0 5 0 3 5 6 7 8
489.0 5 1 3 5 6 7 8
490.0 6 0 1 3 5 6 7 8
491.0 5 2 3 5 6 7 8
492.0 6 0 2 3 5 6 7 8
493.0 6 1 2 3 5 6 7 8
494.0 7 0 1 2 3 5 6 7 8
495.0 4 4 5 6 7 8
496.0 5 0 4 5 6 7 8
497.0 5 1 4 5 6 7 8
498.0 6 0 1 4 5 6 7 8
499.0 5 2 4 5 6 7 8
500.0 6 0 2 4 5 6 7 8
501.0 6 1 2 4 5 6 7 8
502.0 7 0 1 2 4 5 6 7 8
503.0 5 3 4 5 6 7 8
504.0 6 0 3 4 5 6 7 8
505.0 6 1 3 4 5 6 7 8
506.0 7 0 1 3 4 5 6 7 8
507.0 6 2 3 4 5 6 7 8
508.0 7 0 2 3 4 5 6 7 8
509.0 7 1 2 3 4 5 6 7 8
