0.0 0 0
1.0 0 1
2.0 1 0 1
3.0 0 2
4.0 1 0 2
5.0 1 1 2
6.0 2 0 1 2
7.0 0 3
8.0 1 0 3
9.0 1 1 3
10.0 2 0 1 3
11.0 1 2 3
12.0 2 0 2 3
13.0 2 1 2 3
14.0 3 0 1 2 3
15.0 0 4
16.0 1 0 4
17.0 1 1 4
18.0 2 0 1 4
19.0 1 2 4
20.0 2 0 2 4
21.0 2 1 2 4
22.0 3 0 1 2 4
23.0 1 3 4
24.0 2 0 3 4
25.0 2 1 3 4
26.0 3 0 1 3 4
27.0 2 2 3 4
28.0 3 0 2 3 4
29.0 3 1 2 3 4
30.0 4 0 1 2 3 4
31.0 0 5
32.0 1 0 5
33.0 1 1 5
34.0 2 0 1 5
35.0 1 2 5
36.0 2 0 2 5
37.0 2 1 2 5
38.0 3 0 1 2 5
39.0 1 3 5
40.0 2 0 3 5
41.0 2 1 3 5
42.0 3 0 1 3 5
43.0 2 2 3 5
44.0 3 0 2 3 5
45.0 3 1 2 3 5
46.0 4 0 1 2 3 5
47.0 1 4 5
48.0 2 0 4 5
49.0 2 1 4 5
50.0 3 0 1 4 5
51.0 2 2 4 5
52.0 3 0 2 4 5
53.0 3 1 2 4 5
54.0 4 0 1 2 4 5
55.0 2 3 4 5
56.0 3 0 3 4 5
57.0 3 1 3 4 5
58.0 4 0 1 3 4 5
59.0 3 2 3 4 5
60.0 4 0 2 3 4 5
61.0 4 1 2 3 4 5
62.0 5 0 1 2 3 4 5
63.0 0 6
64.0 1 0 6
65.0 1 1 6
66.0 2 0 1 6
67.0 1 2 6
68.0 2 0 2 6
69.0 2 1 2 6
70.0 3 0 1 2 6
71.0 1 3 6
72.0 2 0 3 6
73.0 2 1 3 6
74.0 3 0 1 3 6
75.0 2 2 3 6
76.0 3 0 2 3 6
77.0 3 1 2 3 6
78.0 4 0 1 2 3 6
79.0 1 4 6
80.0 2 0 4 6
81.0 2 1 4 6
82.0 3 0 1 4 6
83.0 2 2 4 6
84.0 3 0 2 4 6
85.0 3 1 2 4 6
86.0 4 0 1 2 4 6
87.0 2 3 4 6
88.0 3 0 3 4 6
89.0 3 1 3 4 6
90.0 4 0 1 3 4 6
91.0 3 2 3 4 6
92.0 4 0 2 3 4 6
93.0 4 1 2 3 4 6
94.0 5 0 1 2 3 4 6
95.0 1 5 6
96.0 2 0 5 6
97.0 2 1 5 6
98.0 3 0 1 5 6
99.0 2 2 5 6
100.0 3 0 2 5 6
101.0 3 1 2 5 6
102.0 4 0 1 2 5 6
103.0 2 3 5 6
104.0 3 0 3 5 6
105.0 3 1 3 5 6
106.0 4 0 1 3 5 6
107.0 3 2 3 5 6
108.0 4 0 2 3 5 6
109.0 4 1 2 3 5 6
110.0 5 0 1 2 3 5 6
111.0 2 4 5 6
112.0 3 0 4 5 6
113.0 3 1 4 5 6
114.0 4 0 1 4 5 6
115.0 3 2 4 5 6
116.0 4 0 2 4 5 6
117.0 4 1 2 4 5 6
118.0 5 0 1 2 4 5 6
119.0 3 3 4 5 6
120.0 4 0 3 4 5 6
121.0 4 1 3 4 5 6
122.0 5 0 1 3 4 5 6
123.0 4 2 3 4 5 6
124.0 5 0 2 3 4 5 6
125.0 5 1 2 3 4 5 6
126.0 6 0 1 2 3 4 5 6
127.0 0 7
128.0 1 0 7
129.0 1 1 7
130.0 2 0 1 7
131.0 1 2 7
132.0 2 0 2 7
133.0 2 1 2 7
134.0 3 0 1 2 7
135.0 1 3 7
136.0 2 0 3 7
137.0 2 1 3 7
138.0 3 0 1 3 7
139.0 2 2 3 7
140.0 3 0 2 3 7
141.0 3 1 2 3 7
142.0 4 0 1 2 3 7
143.0 1 4 7
144.0 2 0 4 7
145.0 2 1 4 7
146.0 3 0 1 4 7
147.0 2 2 4 7
148.0 3 0 2 4 7
149.0 3 1 2 4 7
150.0 4 0 1 2 4 7
151.0 2 3 4 7
152.0 3 0 3 4 7
153.0 3 1 3 4 7
154.0 4 0 1 3 4 7
155.0 3 2 3 4 7
156.0 4 0 2 3 4 7
157.0 4 1 2 3 4 7
158.0 5 0 1 2 3 4 7
159.0 1 5 7
160.0 2 0 5 7
161.0 2 1 5 7
162.0 3 0 1 5 7
163.0 2 2 5 7
164.0 3 0 2 5 7
165.0 3 1 2 5 7
166.0 4 0 1 2 5 7
167.0 2 3 5 7
168.0 3 0 3 5 7
169.0 3 1 3 5 7
170.0 4 0 1 3 5 7
171.0 3 2 3 5 7
172.0 4 0 2 3 5 7
173.0 4 1 2 3 5 7
174.0 5 0 1 2 3 5 7
175.0 2 4 5 7
176.0 3 0 4 5 7
177.0 3 1 4 5 7
178.0 4 0 1 4 5 7
179.0 3 2 4 5 7
180.0 4 0 2 4 5 7
181.0 4 1 2 4 5 7
182.0 5 0 1 2 4 5 7
183.0 3 3 4 5 7
184.0 4 0 3 4 5 7
185.0 4 1 3 4 5 7
186.0 5 0 1 3 4 5 7
187.0 4 2 3 4 5 7
188.0 5 0 2 3 4 5 7
189.0 5 1 2 3 4 5 7
190.0 6 0 1 2 3 4 5 7
191.0 1 6 7
192.0 2 0 6 7
193.0 2 1 6 7
194.0 3 0 1 6 7
195.0 2 2 6 7
196.0 3 0 2 6 7
197.0 3 1 2 6 7
198.0 4 0 1 2 6 7
199.0 2 3 6 7
200.0 3 0 3 6 7
201.0 3 1 3 6 7
202.0 4 0 1 3 6 7
203.0 3 2 3 6 7
204.0 4 0 2 3 6 7
205.0 4 1 2 3 6 7
206.0 5 0 1 2 3 6 7
207.0 2 4 6 7
208.0 3 0 4 6 7
209.0 3 1 4 6 7
210.0 4 0 1 4 6 7
211.0 3 2 4 6 7
212.0 4 0 2 4 6 7
213.0 4 1 2 4 6 7
214.0 5 0 1 2 4 6 7
215.0 3 3 4 6 7
216.0 4 0 3 4 6 7
217.0 4 1 3 4 6 7
218.0 5 0 1 3 4 6 7
219.0 4 2 3 4 6 7
220.0 5 0 2 3 4 6 7
221.0 5 1 2 3 4 6 7
222.0 6 0 1 2 3 4 6 7
223.0 2 5 6 7
224.0 3 0 5 6 7
225.0 3 1 5 6 7
226.0 4 0 1 5 6 7
227.0 3 2 5 6 7
228.0 4 0 2 5 6 7
229.0 4 1 2 5 6 7
230.0 5 0 1 2 5 6 7
231.0 3 3 5 6 7
232.0 4 0 3 5 6 7
233.0 4 1 3 5 6 7
234.0 5 0 1 3 5 6 7
235.0 4 2 3 5 6 7
236.0 5 0 2 3 5 6 7
237.0 5 1 2 3 5 6 7
238.0 6 0 1 2 3 5 6 7
239.0 3 4 5 6 7
240.0 4 0 4 5 6 7
241.0 4 1 4 5 6 7
242.0 5 0 1 4 5 6 7
243.0 4 2 4 5 6 7
244.0 5 0 2 4 5 6 7
245.0 5 1 2 4 5 6 7
246.0 6 0 1 2 4 5 6 7
247.0 4 3 4 5 6 7
248.0 5 0 3 4 5 6 7
249.0 5 1 3 4 5 6 7
250.0 6 0 1 3 4 5 6 7
251.0 5 2 3 4 5 6 7
252.0 6 0 2 3 4 5 6 7
253.0 6 1 2 3 4 5 6 7
254.0 7 0 1 2 3 4 5 6 7
255.0 0 8
256.0 1 0 8
257.0 1 1 8
258.0 2 0 1 8
259.0 1 2 8
260.0 2 0 2 8
261.0 2 1 2 8
262.0 3 0 1 2 8
263.0 1 3 8
264.0 2 0 3 8
265.0 2 1 3 8
266.0 3 0 1 3 8
267.0 2 2 3 8
268.0 3 0 2 3 8
269.0 3 1 2 3 8
270.0 4 0 1 2 3 8
271.0 1 4 8
272.0 2 0 4 8
273.0 2 1 4 8
274.0 3 0 1 4 8
275.0 2 2 4 8
276.0 3 0 2 4 8
277.0 3 1 2 4 8
278.0 4 0 1 2 4 8
279.0 2 3 4 8
280.0 3 0 3 4 8
281.0 3 1 3 4 8
282.0 4 0 1 3 4 8
283.0 3 2 3 4 8
284.0 4 0 2 3 4 8
285.0 4 1 2 3 4 8
286.0 5 0 1 2 3 4 8
287.0 1 5 8
288.0 2 0 5 8
289.0 2 1 5 8
290.0 3 0 1 5 8
291.0 2 2 5 8
292.0 3 0 2 5 8
293.0 3 1 2 5 8
294.0 4 0 1 2 5 8
295.0 2 3 5 8
296.0 3 0 3 5 8
297.0 3 1 3 5 8
298.0 4 0 1 3 5 8
299.0 3 2 3 5 8
300.0 4 0 2 3 5 8
301.0 4 1 2 3 5 8
302.0 5 0 1 2 3 5 8
303.0 2 4 5 8
304.0 3 0 4 5 8
305.0 3 1 4 5 8
306.0 4 0 1 4 5 8
307.0 3 2 4 5 8
308.0 4 0 2 4 5 8
309.0 4 1 2 4 5 8
310.0 5 0 1 2 4 5 8
311.0 3 3 4 5 8
312.0 4 0 3 4 5 8
313.0 4 1 3 4 5 8
314.0 5 0 1 3 4 5 8
315.0 4 2 3 4 5 8
316.0 5 0 2 3 4 5 8
317.0 5 1 2 3 4 5 8
318.0 6 0 1 2 3 4 5 8
319.0 1 6 8
320.0 2 0 6 8
321.0 2 1 6 8
322.0 3 0 1 6 8
323.0 2 2 6 8
324.0 3 0 2 6 8
325.0 3 1 2 6 8
326.0 4 0 1 2 6 8
327.0 2 3 6 8
328.0 3 0 3 6 8
329.0 3 1 3 6 8
330.0 4 0 1 3 6 8
331.0 3 2 3 6 8
332.0 4 0 2 3 6 8
333.0 4 1 2 3 6 8
334.0 5 0 1 2 3 6 8
335.0 2 4 6 8
336.0 3 0 4 6 8
337.0 3 1 4 6 8
338.0 4 0 1 4 6 8
339.0 3 2 4 6 8
340.0 4 0 2 4 6 8
341.0 4 1 2 4 6 8
342.0 5 0 1 2 4 6 8
343.0 3 3 4 6 8
344.0 4 0 3 4 6 8
345.0 4 1 3 4 6 8
346.0 5 0 1 3 4 6 8
347.0 4 2 3 4 6 8
348.0 5 0 2 3 4 6 8
349.0 5 1 2 3 4 6 8
350.0 6 0 1 2 3 4 6 8
351.0 2 5 6 8
352.0 3 0 5 6 8
353.0 3 1 5 6 8
354.0 4 0 1 5 6 8
355.0 3 2 5 6 8
356.0 4 0 2 5 6 8
357.0 4 1 2 5 6 8
358.0 5 0 1 2 5 6 8
359.0 3 3 5 6 8
360.0 4 0 3 5 6 8
361.0 4 1 3 5 6 8
362.0 5 0 1 3 5 6 8
363.0 4 2 3 5 6 8
364.0 5 0 2 3 5 6 8
365.0 5 1 2 3 5 6 8
366.0 6 0 1 2 3 5 6 8
367.0 3 4 5 6 8
368.0 4 0 4 5 6 8
369.0 4 1 4 5 6 8
370.0 5 0 1 4 5 6 8
371.0 4 2 4 5 6 8
372.0 5 0 2 4 5 6 8
373.0 5 1 2 4 5 6 8
374.0 6 0 1 2 4 5 6 8
375.0 4 3 4 5 6 8
376.0 5 0 3 4 5 6 8
377.0 5 1 3 4 5 6 8
378.0 6 0 1 3 4 5 6 8
379.0 5 2 3 4 5 6 8
380.0 6 0 2 3 4 5 6 8
381.0 6 1 2 3 4 5 6 8
382.0 7 0 1 2 3 4 5 6 8
383.0 1 7 8
384.0 2 0 7 8
385.0 2 1 7 8
386.0 3 0 1 7 8
387.0 2 2 7 8
388.0 3 0 2 7 8
389.0 3 1 2 7 8
390.0 4 0 1 2 7 8
391.0 2 3 7 8
392.0 3 0 3 7 8
393.0 3 1 3 7 8
394.0 4 0 1 3 7 8
395.0 3 2 3 7 8
396.0 4 0 2 3 7 8
397.0 4 1 2 3 7 8
398.0 5 0 1 2 3 7 8
399.0 2 4 7 8
400.0 3 0 4 7 8
401.0 3 1 4 7 8
402.0 4 0 1 4 7 8
403.0 3 2 4 7 8
404.0 4 0 2 4 7 8
405.0 4 1 2 4 7 8
406.0 5 0 1 2 4 7 8
407.0 3 3 4 7 8
408.0 4 0 3 4 7 8
409.0 4 1 3 4 7 8
410.0 5 0 1 3 4 7 8
411.0 4 2 3 4 7 8
412.0 5 0 2 3 4 7 8
413.0 5 1 2 3 4 7 8
414.0 6 0 1 2 3 4 7 8
415.0 2 5 7 8
416.0 3 0 5 7 8
417.0 3 1 5 7 8
418.0 4 0 1 5 7 8
419.0 3 2 5 7 8
420.0 4 0 2 5 7 8
421.0 4 1 2 5 7 8
422.0 5 0 1 2 5 7 8
423.0 3 3 5 7 8
424.0 4 0 3 5 7 8
425.0 4 1 3 5 7 8
426.0 5 0 1 3 5 7 8
427.0 4 2 3 5 7 8
428.0 5 0 2 3 5 7 8
429.0 5 1 2 3 5 7 8
430.0 6 0 1 2 3 5 7 8
431.0 3 4 5 7 8
432.0 4 0 4 5 7 8
433.0 4 1 4 5 7 8
434.0 5 0 1 4 5 7 8
435.0 4 2 4 5 7 8
436.0 5 0 2 4 5 7 8
437.0 5 1 2 4 5 7 8
438.0 6 0 1 2 4 5 7 8
439.0 4 3 4 5 7 8
440.0 5 0 3 4 5 7 8
441.0 5 1 3 4 5 7 8
442.0 6 0 1 3 4 5 7 8
443.0 5 2 3 4 5 7 8
444.0 6 0 2 3 4 5 7 8
445.0 6 1 2 3 4 5 7 8
446.0 7 0 1 2 3 4 5 7 8
447.0 2 6 7 8
448.0 3 0 6 7 8
449.0 3 1 6 7 8
450.0 4 0 1 6 7 8
451.0 3 2 6 7 8
452.0 4 0 2 6 7 8
453.0 4 1 2 6 7 8
454.0 5 0 1 2 6 7 8
455.0 3 3 6 7 8
456.0 4 0 3 6 7 8
457.0 4 1 3 6 7 8
458.0 5 0 1 3 6 7 8
459.0 4 2 3 6 7 8
460.0 5 0 2 3 6 7 8
461.0 5 1 2 3 6 7 8
462.0 6 0 1 2 3 6 7 8
463.0 3 4 6 7 8
464.0 4 0 4 6 7 8
465.0 4 1 4 6 7 8
466.0 5 0 1 4 6 7 8
467.0 4 2 4 6 7 8
468.0 5 0 2 4 6 7 8
469.0 5 1 2 4 6 7 8
470.0 6 0 1 2 4 6 7 8
471.0 4 3 4 6 7 8
472.0 5 0 3 4 6 7 8
473.0 5 1 3 4 6 7 8
474.0 6 0 1 3 4 6 7 8
475.0 5 2 3 4 6 7 8
476.0 6 0 2 3 4 6 7 8
477.0 6 1 2 3 4 6 7 8
478.0 7 0 1 2 3 4 6 7 8
479.0 3 5 6 7 8
480.0 4 0 5 6 7 8
481.0 4 1 5 6 7 8
482.0 5 0 1 5 6 7 8
483.0 4 2 5 6 7 8
484.0 5 0 2 5 6 7 8
485.0 5 1 2 5 6 7 8
486.0 6 0 1 2 5 6 7 8
487.0 4 3 5 6 7 8
488.0 5 0 3 5 6 7 8
489.0 5 1 3 5 6 7 8
490.0 6 0 1 3 5 6 7 8
491.0 5 2 3 5 6 7 8
492.0 6 0 2 3 5 6 7 8
493.0 6 1 2 3 5 6 7 8
494.0 7 0 1 2 3 5 6 7 8
495.0 4 4 5 6 7 8
496.0 5 0 4 5 6 7 8
497.0 5 1 4 5 6 7 8
498.0 6 0 1 4 5 6 7 8
499.0 5 2 4 5 6 7 8
500.0 6 0 2 4 5 6 7 8
501.0 6 1 2 4 5 6 7 8
502.0 7 0 1 2 4 5 6 7 8
503.0 5 3 4 5 6 7 8
504.0 6 0 3 4 5 6 7 8
505.0 6 1 3 4 5 6 7 8
506.0 7 0 1 3 4 5 6 7 8
507.0 6 2 3 4 5 6 7 8
508.0 7 0 2 3 4 5 6 7 8
509.0 7 1 2 3 4 5 6 7 8
510.0 8 0 1 2 3 4 5 6 7 8
511.0 0 9
512.0 1 0 9
513.0 1 1 9
514.0 2 0 1 9
515.0 1 2 9
516.0 2 0 2 9
517.0 2 1 2 9
518.0 3 0 1 2 9
519.0 1 3 9
520.0 2 0 3 9
521.0 2 1 3 9
522.0 3 0 1 3 9
523.0 2 2 3 9
524.0 3 0 2 3 9
525.0 3 1 2 3 9
526.0 4 0 1 2 3 9
527.0 1 4 9
528.0 2 0 4 9
529.0 2 1 4 9
530.0 3 0 1 4 9
531.0 2 2 4 9
532.0 3 0 2 4 9
533.0 3 1 2 4 9
534.0 4 0 1 2 4 9
535.0 2 3 4 9
536.0 3 0 3 4 9
537.0 3 1 3 4 9
538.0 4 0 1 3 4 9
539.0 3 2 3 4 9
540.0 4 0 2 3 4 9
541.0 4 1 2 3 4 9
542.0 5 0 1 2 3 4 9
543.0 1 5 9
544.0 2 0 5 9
545.0 2 1 5 9
546.0 3 0 1 5 9
547.0 2 2 5 9
548.0 3 0 2 5 9
549.0 3 1 2 5 9
550.0 4 0 1 2 5 9
551.0 2 3 5 9
552.0 3 0 3 5 9
553.0 3 1 3 5 9
554.0 4 0 1 3 5 9
555.0 3 2 3 5 9
556.0 4 0 2 3 5 9
557.0 4 1 2 3 5 9
558.0 5 0 1 2 3 5 9
559.0 2 4 5 9
560.0 3 0 4 5 9
561.0 3 1 4 5 9
562.0 4 0 1 4 5 9
563.0 3 2 4 5 9
564.0 4 0 2 4 5 9
565.0 4 1 2 4 5 9
566.0 5 0 1 2 4 5 9
567.0 3 3 4 5 9
568.0 4 0 3 4 5 9
569.0 4 1 3 4 5 9
570.0 5 0 1 3 4 5 9
571.0 4 2 3 4 5 9
572.0 5 0 2 3 4 5 9
573.0 5 1 2 3 4 5 9
574.0 6 0 1 2 3 4 5 9
575.0 1 6 9
576.0 2 0 6 9
577.0 2 1 6 9
578.0 3 0 1 6 9
579.0 2 2 6 9
580.0 3 0 2 6 9
581.0 3 1 2 6 9
582.0 4 0 1 2 6 9
583.0 2 3 6 9
584.0 3 0 3 6 9
585.0 3 1 3 6 9
586.0 4 0 1 3 6 9
587.0 3 2 3 6 9
588.0 4 0 2 3 6 9
589.0 4 1 2 3 6 9
590.0 5 0 1 2 3 6 9
591.0 2 4 6 9
592.0 3 0 4 6 9
593.0 3 1 4 6 9
594.0 4 0 1 4 6 9
595.0 3 2 4 6 9
596.0 4 0 2 4 6 9
597.0 4 1 2 4 6 9
598.0 5 0 1 2 4 6 9
599.0 3 3 4 6 9
600.0 4 0 3 4 6 9
601.0 4 1 3 4 6 9
602.0 5 0 1 3 4 6 9
603.0 4 2 3 4 6 9
604.0 5 0 2 3 4 6 9
605.0 5 1 2 3 4 6 9
606.0 6 0 1 2 3 4 6 9
607.0 2 5 6 9
608.0 3 0 5 6 9
609.0 3 1 5 6 9
610.0 4 0 1 5 6 9
611.0 3 2 5 6 9
612.0 4 0 2 5 6 9
613.0 4 1 2 5 6 9
614.0 5 0 1 2 5 6 9
615.0 3 3 5 6 9
616.0 4 0 3 5 6 9
617.0 4 1 3 5 6 9
618.0 5 0 1 3 5 6 9
619.0 4 2 3 5 6 9
620.0 5 0 2 3 5 6 9
621.0 5 1 2 3 5 6 9
622.0 6 0 1 2 3 5 6 9
623.0 3 4 5 6 9
624.0 4 0 4 5 6 9
625.0 4 1 4 5 6 9
626.0 5 0 1 4 5 6 9
627.0 4 2 4 5 6 9
628.0 5 0 2 4 5 6 9
629.0 5 1 2 4 5 6 9
630.0 6 0 1 2 4 5 6 9
631.0 4 3 4 5 6 9
632.0 5 0 3 4 5 6 9
633.0 5 1 3 4 5 6 9
634.0 6 0 1 3 4 5 6 9
635.0 5 2 3 4 5 6 9
636.0 6 0 2 3 4 5 6 9
637.0 6 1 2 3 4 5 6 9
638.0 7 0 1 2 3 4 5 6 9
639.0 1 7 9
640.0 2 0 7 9
641.0 2 1 7 9
642.0 3 0 1 7 9
643.0 2 2 7 9
644.0 3 0 2 7 9
645.0 3 1 2 7 9
646.0 4 0 1 2 7 9
647.0 2 3 7 9
648.0 3 0 3 7 9
649.0 3 1 3 7 9
650.0 4 0 1 3 7 9
651.0 3 2 3 7 9
652.0 4 0 2 3 7 9
653.0 4 1 2 3 7 9
654.0 5 0 1 2 3 7 9
655.0 2 4 7 9
656.0 3 0 4 7 9
657.0 3 1 4 7 9
658.0 4 0 1 4 7 9
659.0 3 2 4 7 9
660.0 4 0 2 4 7 9
661.0 4 1 2 4 7 9
662.0 5 0 1 2 4 7 9
663.0 3 3 4 7 9
664.0 4 0 3 4 7 9
665.0 4 1 3 4 7 9
666.0 5 0 1 3 4 7 9
667.0 4 2 3 4 7 9
668.0 5 0 2 3 4 7 9
669.0 5 1 2 3 4 7 9
670.0 6 0 1 2 3 4 7 9
671.0 2 5 7 9
672.0 3 0 5 7 9
673.0 3 1 5 7 9
674.0 4 0 1 5 7 9
675.0 3 2 5 7 9
676.0 4 0 2 5 7 9
677.0 4 1 2 5 7 9
678.0 5 0 1 2 5 7 9
679.0 3 3 5 7 9
680.0 4 0 3 5 7 9
681.0 4 1 3 5 7 9
682.0 5 0 1 3 5 7 9
683.0 4 2 3 5 7 9
684.0 5 0 2 3 5 7 9
685.0 5 1 2 3 5 7 9
686.0 6 0 1 2 3 5 7 9
687.0 3 4 5 7 9
688.0 4 0 4 5 7 9
689.0 4 1 4 5 7 9
690.0 5 0 1 4 5 7 9
691.0 4 2 4 5 7 9
692.0 5 0 2 4 5 7 9
693.0 5 1 2 4 5 7 9
694.0 6 0 1 2 4 5 7 9
695.0 4 3 4 5 7 9
696.0 5 0 3 4 5 7 9
697.0 5 1 3 4 5 7 9
698.0 6 0 1 3 4 5 7 9
699.0 5 2 3 4 5 7 9
700.0 6 0 2 3 4 5 7 9
701.0 6 1 2 3 4 5 7 9
702.0 7 0 1 2 3 4 5 7 9
703.0 2 6 7 9
704.0 3 0 6 7 9
705.0 3 1 6 7 9
706.0 4 0 1 6 7 9
707.0 3 2 6 7 9
708.0 4 0 2 6 7 9
709.0 4 1 2 6 7 9
710.0 5 0 1 2 6 7 9
711.0 3 3 6 7 9
712.0 4 0 3 6 7 9
713.0 4 1 3 6 7 9
714.0 5 0 1 3 6 7 9
715.0 4 2 3 6 7 9
716.0 5 0 2 3 6 7 9
717.0 5 1 2 3 6 7 9
718.0 6 0 1 2 3 6 7 9
719.0 3 4 6 7 9
720.0 4 0 4 6 7 9
721.0 4 1 4 6 7 9
722.0 5 0 1 4 6 7 9
723.0 4 2 4 6 7 9
724.0 5 0 2 4 6 7 9
725.0 5 1 2 4 6 7 9
726.0 6 0 1 2 4 6 7 9
727.0 4 3 4 6 7 9
728.0 5 0 3 4 6 7 9
729.0 5 1 3 4 6 7 9
730.0 6 0 1 3 4 6 7 9
731.0 5 2 3 4 6 7 9
732.0 6 0 2 3 4 6 7 9
733.0 6 1 2 3 4 6 7 9
734.0 7 0 1 2 3 4 6 7 9
735.0 3 5 6 7 9
736.0 4 0 5 6 7 9
737.0 4 1 5 6 7 9
738.0 5 0 1 5 6 7 9
739.0 4 2 5 6 7 9
740.0 5 0 2 5 6 7 9
741.0 5 1 2 5 6 7 9
742.0 6 0 1 2 5 6 7 9
743.0 4 3 5 6 7 9
744.0 5 0 3 5 6 7 9
745.0 5 1 3 5 6 7 9
746.0 6 0 1 3 5 6 7 9
747.0 5 2 3 5 6 7 9
748.0 6 0 2 3 5 6 7 9
749.0 6 1 2 3 5 6 7 9
750.0 7 0 1 2 3 5 6 7 9
751.0 4 4 5 6 7 9
752.0 5 0 4 5 6 7 9
753.0 5 1 4 5 6 7 9
754.0 6 0 1 4 5 6 7 9
755.0 5 2 4 5 6 7 9
756.0 6 0 2 4 5 6 7 9
757.0 6 1 2 4 5 6 7 9
758.0 7 0 1 2 4 5 6 7 9
759.0 5 3 4 5 6 7 9
760.0 6 0 3 4 5 6 7 9
761.0 6 1 3 4 5 6 7 9
762.0 7 0 1 3 4 5 6 7 9
763.0 6 2 3 4 5 6 7 9
764.0 7 0 2 3 4 5 6 7 9
765.0 7 1 2 3 4 5 6 7 9
766.0 8 0 1 2 3 4 5 6 7 9
767.0 1 8 9
768.0 2 0 8 9
769.0 2 1 8 9
770.0 3 0 1 8 9
771.0 2 2 8 9
772.0 3 0 2 8 9
773.0 3 1 2 8 9
774.0 4 0 1 2 8 9
775.0 2 3 8 9
776.0 3 0 3 8 9
777.0 3 1 3 8 9
778.0 4 0 1 3 8 9
779.0 3 2 3 8 9
780.0 4 0 2 3 8 9
781.0 4 1 2 3 8 9
782.0 5 0 1 2 3 8 9
783.0 2 4 8 9
784.0 3 0 4 8 9
785.0 3 1 4 8 9
786.0 4 0 1 4 8 9
787.0 3 2 4 8 9
788.0 4 0 2 4 8 9
789.0 4 1 2 4 8 9
790.0 5 0 1 2 4 8 9
791.0 3 3 4 8 9
792.0 4 0 3 4 8 9
793.0 4 1 3 4 8 9
794.0 5 0 1 3 4 8 9
795.0 4 2 3 4 8 9
796.0 5 0 2 3 4 8 9
797.0 5 1 2 3 4 8 9
798.0 6 0 1 2 3 4 8 9
799.0 2 5 8 9
800.0 3 0 5 8 9
801.0 3 1 5 8 9
802.0 4 0 1 5 8 9
803.0 3 2 5 8 9
804.0 4 0 2 5 8 9
805.0 4 1 2 5 8 9
806.0 5 0 1 2 5 8 9
807.0 3 3 5 8 9
808.0 4 0 3 5 8 9
809.0 4 1 3 5 8 9
810.0 5 0 1 3 5 8 9
811.0 4 2 3 5 8 9
812.0 5 0 2 3 5 8 9
813.0 5 1 2 3 5 8 9
814.0 6 0 1 2 3 5 8 9
815.0 3 4 5 8 9
816.0 4 0 4 5 8 9
817.0 4 1 4 5 8 9
818.0 5 0 1 4 5 8 9
819.0 4 2 4 5 8 9
820.0 5 0 2 4 5 8 9
821.0 5 1 2 4 5 8 9
822.0 6 0 1 2 4 5 8 9
823.0 4 3 4 5 8 9
824.0 5 0 3 4 5 8 9
825.0 5 1 3 4 5 8 9
826.0 6 0 1 3 4 5 8 9
827.0 5 2 3 4 5 8 9
828.0 6 0 2 3 4 5 8 9
829.0 6 1 2 3 4 5 8 9
830.0 7 0 1 2 3 4 5 8 9
831.0 2 6 8 9
832.0 3 0 6 8 9
833.0 3 1 6 8 9
834.0 4 0 1 6 8 9
835.0 3 2 6 8 9
836.0 4 0 2 6 8 9
837.0 4 1 2 6 8 9
838.0 5 0 1 2 6 8 9
839.0 3 3 6 8 9
840.0 4 0 3 6 8 9
841.0 4 1 3 6 8 9
842.0 5 0 1 3 6 8 9
843.0 4 2 3 6 8 9
844.0 5 0 2 3 6 8 9
845.0 5 1 2 3 6 8 9
846.0 6 0 1 2 3 6 8 9
847.0 3 4 6 8 9
848.0 4 0 4 6 8 9
849.0 4 1 4 6 8 9
850.0 5 0 1 4 6 8 9
851.0 4 2 4 6 8 9
852.0 5 0 2 4 6 8 9
853.0 5 1 2 4 6 8 9
854.0 6 0 1 2 4 6 8 9
855.0 4 3 4 6 8 9
856.0 5 0 3 4 6 8 9
857.0 5 1 3 4 6 8 9
858.0 6 0 1 3 4 6 8 9
859.0 5 2 3 4 6 8 9
860.0 6 0 2 3 4 6 8 9
861.0 6 1 2 3 4 6 8 9
862.0 7 0 1 2 3 4 6 8 9
863.0 3 5 6 8 9
864.0 4 0 5 6 8 9
865.0 4 1 5 6 8 9
866.0 5 0 1 5 6 8 9
867.0 4 2 5 6 8 9
868.0 5 0 2 5 6 8 9
869.0 5 1 2 5 6 8 9
870.0 6 0 1 2 5 6 8 9
871.0 4 3 5 6 8 9
872.0 5 0 3 5 6 8 9
873.0 5 1 3 5 6 8 9
874.0 6 0 1 3 5 6 8 9
875.0 5 2 3 5 6 8 9
876.0 6 0 2 3 5 6 8 9
877.0 6 1 2 3 5 6 8 9
878.0 7 0 1 2 3 5 6 8 9
879.0 4 4 5 6 8 9
880.0 5 0 4 5 6 8 9
881.0 5 1 4 5 6 8 9
882.0 6 0 1 4 5 6 8 9
883.0 5 2 4 5 6 8 9
884.0 6 0 2 4 5 6 8 9
885.0 6 1 2 4 5 6 8 9
886.0 7 0 1 2 4 5 6 8 9
887.0 5 3 4 5 6 8 9
888.0 6 0 3 4 5 6 8 9
889.0 6 1 3 4 5 6 8 9
890.0 7 0 1 3 4 5 6 8 9
891.0 6 2 3 4 5 6 8 9
892.0 7 0 2 3 4 5 6 8 9
893.0 7 1 2 3 4 5 6 8 9
894.0 8 0 1 2 3 4 5 6 8 9
895.0 2 7 8 9
896.0 3 0 7 8 9
897.0 3 1 7 8 9
898.0 4 0 1 7 8 9
899.0 3 2 7 8 9
900.0 4 0 2 7 8 9
901.0 4 1 2 7 8 9
902.0 5 0 1 2 7 8 9
903.0 3 3 7 8 9
904.0 4 0 3 7 8 9
905.0 4 1 3 7 8 9
906.0 5 0 1 3 7 8 9
907.0 4 2 3 7 8 9
908.0 5 0 2 3 7 8 9
909.0 5 1 2 3 7 8 9
910.0 6 0 1 2 3 7 8 9
911.0 3 4 7 8 9
912.0 4 0 4 7 8 9
913.0 4 1 4 7 8 9
914.0 5 0 1 4 7 8 9
915.0 4 2 4 7 8 9
916.0 5 0 2 4 7 8 9
917.0 5 1 2 4 7 8 9
918.0 6 0 1 2 4 7 8 9
919.0 4 3 4 7 8 9
920.0 5 0 3 4 7 8 9
921.0 5 1 3 4 7 8 9
922.0 6 0 1 3 4 7 8 9
923.0 5 2 3 4 7 8 9
924.0 6 0 2 3 4 7 8 9
925.0 6 1 2 3 4 7 8 9
926.0 7 0 1 2 3 4 7 8 9
927.0 3 5 7 8 9
928.0 4 0 5 7 8 9
929.0 4 1 5 7 8 9
930.0 5 0 1 5 7 8 9
931.0 4 2 5 7 8 9
932.0 5 0 2 5 7 8 9
933.0 5 1 2 5 7 8 9
934.0 6 0 1 2 5 7 8 9
935.0 4 3 5 7 8 9
936.0 5 0 3 5 7 8 9
937.0 5 1 3 5 7 8 9
938.0 6 0 1 3 5 7 8 9
939.0 5 2 3 5 7 8 9
940.0 6 0 2 3 5 7 8 9
941.0 6 1 2 3 5 7 8 9
942.0 7 0 1 2 3 5 7 8 9
943.0 4 4 5 7 8 9
944.0 5 0 4 5 7 8 9
945.0 5 1 4 5 7 8 9
946.0 6 0 1 4 5 7 8 9
947.0 5 2 4 5 7 8 9
948.0 6 0 2 4 5 7 8 9
949.0 6 1 2 4 5 7 8 9
950.0 7 0 1 2 4 5 7 8 9
951.0 5 3 4 5 7 8 9
952.0 6 0 3 4 5 7 8 9
953.0 6 1 3 4 5 7 8 9
954.0 7 0 1 3 4 5 7 8 9
955.0 6 2 3 4 5 7 8 9
956.0 7 0 2 3 4 5 7 8 9
957.0 7 1 2 3 4 5 7 8 9
958.0 8 0 1 2 3 4 5 7 8 9
959.0 3 6 7 8 9
960.0 4 0 6 7 8 9
961.0 4 1 6 7 8 9
962.0 5 0 1 6 7 8 9
963.0 4 2 6 7 8 9
964.0 5 0 2 6 7 8 9
965.0 5 1 2 6 7 8 9
966.0 6 0 1 2 6 7 8 9
967.0 4 3 6 7 8 9
968.0 5 0 3 6 7 8 9
969.0 5 1 3 6 7 8 9
970.0 6 0 1 3 6 7 8 9
971.0 5 2 3 6 7 8 9
972.0 6 0 2 3 6 7 8 9
973.0 6 1 2 3 6 7 8 9
974.0 7 0 1 2 3 6 7 8 9
975.0 4 4 6 7 8 9
976.0 5 0 4 6 7 8 9
977.0 5 1 4 6 7 8 9
978.0 6 0 1 4 6 7 8 9
979.0 5 2 4 6 7 8 9
980.0 6 0 2 4 6 7 8 9
981.0 6 1 2 4 6 7 8 9
982.0 7 0 1 2 4 6 7 8 9
983.0 5 3 4 6 7 8 9
984.0 6 0 3 4 6 7 8 9
985.0 6 1 3 4 6 7 8 9
986.0 7 0 1 3 4 6 7 8 9
987.0 6 2 3 4 6 7 8 9
988.0 7 0 2 3 4 6 7 8 9
989.0 7 1 2 3 4 6 7 8 9
990.0 8 0 1 2 3 4 6 7 8 9
991.0 4 5 6 7 8 9
992.0 5 0 5 6 7 8 9
993.0 5 1 5 6 7 8 9
994.0 6 0 1 5 6 7 8 9
995.0 5 2 5 6 7 8 9
996.0 6 0 2 5 6 7 8 9
997.0 6 1 2 5 6 7 8 9
998.0 7 0 1 2 5 6 7 8 9
999.0 5 3 5 6 7 8 9
1000.0 6 0 3 5 6 7 8 9
1001.0 6 1 3 5 6 7 8 9
1002.0 7 0 1 3 5 6 7 8 9
1003.0 6 2 3 5 6 7 8 9
1004.0 7 0 2 3 5 6 7 8 9
1005.0 7 1 2 3 5 6 7 8 9
1006.0 8 0 1 2 3 5 6 7 8 9
1007.0 5 4 5 6 7 8 9
1008.0 6 0 4 5 6 7 8 9
1009.0 6 1 4 5 6 7 8 9
1010.0 7 0 1 4 5 6 7 8 9
1011.0 6 2 4 5 6 7 8 9
1012.0 7 0 2 4 5 6 7 8 9
1013.0 7 1 2 4 5 6 7 8 9
1014.0 8 0 1 2 4 5 6 7 8 9
1015.0 6 3 4 5 6 7 8 9
1016.0 7 0 3 4 5 6 7 8 9
1017.0 7 1 3 4 5 6 7 8 9
1018.0 8 0 1 3 4 5 6 7 8 9
1019.0 7 2 3 4 5 6 7 8 9
1020.0 8 0 2 3 4 5 6 7 8 9
1021.0 8 1 2 3 4 5 6 7 8 9
1022.0 9 0 1 2 3 4 5 6 7 8 9
1023.0 0 10
1024.0 1 0 10
1025.0 1 1 10
1026.0 2 0 1 10
1027.0 1 2 10
1028.0 2 0 2 10
1029.0 2 1 2 10
1030.0 3 0 1 2 10
1031.0 1 3 10
1032.0 2 0 3 10
1033.0 2 1 3 10
1034.0 3 0 1 3 10
1035.0 2 2 3 10
1036.0 3 0 2 3 10
1037.0 3 1 2 3 10
1038.0 4 0 1 2 3 10
1039.0 1 4 10
1040.0 2 0 4 10
1041.0 2 1 4 10
1042.0 3 0 1 4 10
1043.0 2 2 4 10
1044.0 3 0 2 4 10
1045.0 3 1 2 4 10
1046.0 4 0 1 2 4 10
1047.0 2 3 4 10
1048.0 3 0 3 4 10
1049.0 3 1 3 4 10
1050.0 4 0 1 3 4 10
1051.0 3 2 3 4 10
1052.0 4 0 2 3 4 10
1053.0 4 1 2 3 4 10
1054.0 5 0 1 2 3 4 10
1055.0 1 5 10
1056.0 2 0 5 10
1057.0 2 1 5 10
1058.0 3 0 1 5 10
1059.0 2 2 5 10
1060.0 3 0 2 5 10
1061.0 3 1 2 5 10
1062.0 4 0 1 2 5 10
1063.0 2 3 5 10
1064.0 3 0 3 5 10
1065.0 3 1 3 5 10
1066.0 4 0 1 3 5 10
1067.0 3 2 3 5 10
1068.0 4 0 2 3 5 10
1069.0 4 1 2 3 5 10
1070.0 5 0 1 2 3 5 10
1071.0 2 4 5 10
1072.0 3 0 4 5 10
1073.0 3 1 4 5 10
1074.0 4 0 1 4 5 10
1075.0 3 2 4 5 10
1076.0 4 0 2 4 5 10
1077.0 4 1 2 4 5 10
1078.0 5 0 1 2 4 5 10
1079.0 3 3 4 5 10
1080.0 4 0 3 4 5 10
1081.0 4 1 3 4 5 10
1082.0 5 0 1 3 4 5 10
1083.0 4 2 3 4 5 10
1084.0 5 0 2 3 4 5 10
1085.0 5 1 2 3 4 5 10
1086.0 6 0 1 2 3 4 5 10
1087.0 1 6 10
1088.0 2 0 6 10
1089.0 2 1 6 10
1090.0 3 0 1 6 10
1091.0 2 2 6 10
1092.0 3 0 2 6 10
1093.0 3 1 2 6 10
1094.0 4 0 1 2 6 10
1095.0 2 3 6 10
1096.0 3 0 3 6 10
1097.0 3 1 3 6 10
1098.0 4 0 1 3 6 10
1099.0 3 2 3 6 10
1100.0 4 0 2 3 6 10
1101.0 4 1 2 3 6 10
1102.0 5 0 1 2 3 6 10
1103.0 2 4 6 10
1104.0 3 0 4 6 10
1105.0 3 1 4 6 10
1106.0 4 0 1 4 6 10
1107.0 3 2 4 6 10
1108.0 4 0 2 4 6 10
1109.0 4 1 2 4 6 10
1110.0 5 0 1 2 4 6 10
1111.0 3 3 4 6 10
1112.0 4 0 3 4 6 10
1113.0 4 1 3 4 6 10
1114.0 5 0 1 3 4 6 10
1115.0 4 2 3 4 6 10
1116.0 5 0 2 3 4 6 10
1117.0 5 1 2 3 4 6 10
1118.0 6 0 1 2 3 4 6 10
1119.0 2 5 6 10
1120.0 3 0 5 6 10
1121.0 3 1 5 6 10
1122.0 4 0 1 5 6 10
1123.0 3 2 5 6 10
1124.0 4 0 2 5 6 10
1125.0 4 1 2 5 6 10
1126.0 5 0 1 2 5 6 10
1127.0 3 3 5 6 10
1128.0 4 0 3 5 6 10
1129.0 4 1 3 5 6 10
1130.0 5 0 1 3 5 6 10
1131.0 4 2 3 5 6 10
1132.0 5 0 2 3 5 6 10
1133.0 5 1 2 3 5 6 10
1134.0 6 0 1 2 3 5 6 10
1135.0 3 4 5 6 10
1136.0 4 0 4 5 6 10
1137.0 4 1 4 5 6 10
1138.0 5 0 1 4 5 6 10
1139.0 4 2 4 5 6 10
1140.0 5 0 2 4 5 6 10
1141.0 5 1 2 4 5 6 10
1142.0 6 0 1 2 4 5 6 10
1143.0 4 3 4 5 6 10
1144.0 5 0 3 4 5 6 10
1145.0 5 1 3 4 5 6 10
1146.0 6 0 1 3 4 5 6 10
1147.0 5 2 3 4 5 6 10
1148.0 6 0 2 3 4 5 6 10
1149.0 6 1 2 3 4 5 6 10
1150.0 7 0 1 2 3 4 5 6 10
1151.0 1 7 10
1152.0 2 0 7 10
1153.0 2 1 7 10
1154.0 3 0 1 7 10
1155.0 2 2 7 10
1156.0 3 0 2 7 10
1157.0 3 1 2 7 10
1158.0 4 0 1 2 7 10
1159.0 2 3 7 10
1160.0 3 0 3 7 10
1161.0 3 1 3 7 10
1162.0 4 0 1 3 7 10
1163.0 3 2 3 7 10
1164.0 4 0 2 3 7 10
1165.0 4 1 2 3 7 10
1166.0 5 0 1 2 3 7 10
1167.0 2 4 7 10
1168.0 3 0 4 7 10
1169.0 3 1 4 7 10
1170.0 4 0 1 4 7 10
1171.0 3 2 4 7 10
1172.0 4 0 2 4 7 10
1173.0 4 1 2 4 7 10
1174.0 5 0 1 2 4 7 10
1175.0 3 3 4 7 10
1176.0 4 0 3 4 7 10
1177.0 4 1 3 4 7 10
1178.0 5 0 1 3 4 7 10
1179.0 4 2 3 4 7 10
1180.0 5 0 2 3 4 7 10
1181.0 5 1 2 3 4 7 10
1182.0 6 0 1 2 3 4 7 10
1183.0 2 5 7 10
1184.0 3 0 5 7 10
1185.0 3 1 5 7 10
1186.0 4 0 1 5 7 10
1187.0 3 2 5 7 10
1188.0 4 0 2 5 7 10
1189.0 4 1 2 5 7 10
1190.0 5 0 1 2 5 7 10
1191.0 3 3 5 7 10
1192.0 4 0 3 5 7 10
1193.0 4 1 3 5 7 10
1194.0 5 0 1 3 5 7 10
1195.0 4 2 3 5 7 10
1196.0 5 0 2 3 5 7 10
1197.0 5 1 2 3 5 7 10
1198.0 6 0 1 2 3 5 7 10
1199.0 3 4 5 7 10
1200.0 4 0 4 5 7 10
1201.0 4 1 4 5 7 10
1202.0 5 0 1 4 5 7 10
1203.0 4 2 4 5 7 10
1204.0 5 0 2 4 5 7 10
1205.0 5 1 2 4 5 7 10
1206.0 6 0 1 2 4 5 7 10
1207.0 4 3 4 5 7 10
1208.0 5 0 3 4 5 7 10
1209.0 5 1 3 4 5 7 10
1210.0 6 0 1 3 4 5 7 10
1211.0 5 2 3 4 5 7 10
1212.0 6 0 2 3 4 5 7 10
1213.0 6 1 2 3 4 5 7 10
1214.0 7 0 1 2 3 4 5 7 10
1215.0 2 6 7 10
1216.0 3 0 6 7 10
1217.0 3 1 6 7 10
1218.0 4 0 1 6 7 10
1219.0 3 2 6 7 10
1220.0 4 0 2 6 7 10
1221.0 4 1 2 6 7 10
1222.0 5 0 1 2 6 7 10
1223.0 3 3 6 7 10
1224.0 4 0 3 6 7 10
1225.0 4 1 3 6 7 10
1226.0 5 0 1 3 6 7 10
1227.0 4 2 3 6 7 10
1228.0 5 0 2 3 6 7 10
1229.0 5 1 2 3 6 7 10
1230.0 6 0 1 2 3 6 7 10
1231.0 3 4 6 7 10
1232.0 4 0 4 6 7 10
1233.0 4 1 4 6 7 10
1234.0 5 0 1 4 6 7 10
1235.0 4 2 4 6 7 10
1236.0 5 0 2 4 6 7 10
1237.0 5 1 2 4 6 7 10
1238.0 6 0 1 2 4 6 7 10
1239.0 4 3 4 6 7 10
1240.0 5 0 3 4 6 7 10
1241.0 5 1 3 4 6 7 10
1242.0 6 0 1 3 4 6 7 10
1243.0 5 2 3 4 6 7 10
1244.0 6 0 2 3 4 6 7 10
1245.0 6 1 2 3 4 6 7 10
1246.0 7 0 1 2 3 4 6 7 10
1247.0 3 5 6 7 10
1248.0 4 0 5 6 7 10
1249.0 4 1 5 6 7 10
1250.0 5 0 1 5 6 7 10
1251.0 4 2 5 6 7 10
1252.0 5 0 2 5 6 7 10
1253.0 5 1 2 5 6 7 10
1254.0 6 0 1 2 5 6 7 10
1255.0 4 3 5 6 7 10
1256.0 5 0 3 5 6 7 10
1257.0 5 1 3 5 6 7 10
1258.0 6 0 1 3 5 6 7 10
1259.0 5 2 3 5 6 7 10
1260.0 6 0 2 3 5 6 7 10
1261.0 6 1 2 3 5 6 7 10
1262.0 7 0 1 2 3 5 6 7 10
1263.0 4 4 5 6 7 10
1264.0 5 0 4 5 6 7 10
1265.0 5 1 4 5 6 7 10
1266.0 6 0 1 4 5 6 7 10
1267.0 5 2 4 5 6 7 10
1268.0 6 0 2 4 5 6 7 10
1269.0 6 1 2 4 5 6 7 10
1270.0 7 0 1 2 4 5 6 7 10
1271.0 5 3 4 5 6 7 10
1272.0 6 0 3 4 5 6 7 10
1273.0 6 1 3 4 5 6 7 10
1274.0 7 0 1 3 4 5 6 7 10
1275.0 6 2 3 4 5 6 7 10
1276.0 7 0 2 3 4 5 6 7 10
1277.0 7 1 2 3 4 5 6 7 10
1278.0 8 0 1 2 3 4 5 6 7 10
1279.0 1 8 10
1280.0 2 0 8 10
1281.0 2 1 8 10
1282.0 3 0 1 8 10
1283.0 2 2 8 10
1284.0 3 0 2 8 10
1285.0 3 1 2 8 10
1286.0 4 0 1 2 8 10
1287.0 2 3 8 10
1288.0 3 0 3 8 10
1289.0 3 1 3 8 10
1290.0 4 0 1 3 8 10
1291.0 3 2 3 8 10
1292.0 4 0 2 3 8 10
1293.0 4 1 2 3 8 10
1294.0 5 0 1 2 3 8 10
1295.0 2 4 8 10
1296.0 3 0 4 8 10
1297.0 3 1 4 8 10
1298.0 4 0 1 4 8 10
1299.0 3 2 4 8 10
1300.0 4 0 2 4 8 10
1301.0 4 1 2 4 8 10
1302.0 5 0 1 2 4 8 10
1303.0 3 3 4 8 10
1304.0 4 0 3 4 8 10
1305.0 4 1 3 4 8 10
1306.0 5 0 1 3 4 8 10
1307.0 4 2 3 4 8 10
1308.0 5 0 2 3 4 8 10
1309.0 5 1 2 3 4 8 10
1310.0 6 0 1 2 3 4 8 10
1311.0 2 5 8 10
1312.0 3 0 5 8 10
1313.0 3 1 5 8 10
1314.0 4 0 1 5 8 10
1315.0 3 2 5 8 10
1316.0 4 0 2 5 8 10
1317.0 4 1 2 5 8 10
1318.0 5 0 1 2 5 8 10
1319.0 3 3 5 8 10
1320.0 4 0 3 5 8 10
1321.0 4 1 3 5 8 10
1322.0 5 0 1 3 5 8 10
1323.0 4 2 3 5 8 10
1324.0 5 0 2 3 5 8 10
1325.0 5 1 2 3 5 8 10
1326.0 6 0 1 2 3 5 8 10
1327.0 3 4 5 8 10
1328.0 4 0 4 5 8 10
1329.0 4 1 4 5 8 10
1330.0 5 0 1 4 5 8 10
1331.0 4 2 4 5 8 10
1332.0 5 0 2 4 5 8 10
1333.0 5 1 2 4 5 8 10
1334.0 6 0 1 2 4 5 8 10
1335.0 4 3 4 5 8 10
1336.0 5 0 3 4 5 8 10
1337.0 5 1 3 4 5 8 10
1338.0 6 0 1 3 4 5 8 10
1339.0 5 2 3 4 5 8 10
1340.0 6 0 2 3 4 5 8 10
1341.0 6 1 2 3 4 5 8 10
1342.0 7 0 1 2 3 4 5 8 10
1343.0 2 6 8 10
1344.0 3 0 6 8 10
1345.0 3 1 6 8 10
1346.0 4 0 1 6 8 10
1347.0 3 2 6 8 10
1348.0 4 0 2 6 8 10
1349.0 4 1 2 6 8 10
1350.0 5 0 1 2 6 8 10
1351.0 3 3 6 8 10
1352.0 4 0 3 6 8 10
1353.0 4 1 3 6 8 10
1354.0 5 0 1 3 6 8 10
1355.0 4 2 3 6 8 10
1356.0 5 0 2 3 6 8 10
1357.0 5 1 2 3 6 8 10
1358.0 6 0 1 2 3 6 8 10
1359.0 3 4 6 8 10
1360.0 4 0 4 6 8 10
1361.0 4 1 4 6 8 10
1362.0 5 0 1 4 6 8 10
1363.0 4 2 4 6 8 10
1364.0 5 0 2 4 6 8 10
1365.0 5 1 2 4 6 8 10
1366.0 6 0 1 2 4 6 8 10
1367.0 4 3 4 6 8 10
1368.0 5 0 3 4 6 8 10
1369.0 5 1 3 4 6 8 10
1370.0 6 0 1 3 4 6 8 10
1371.0 5 2 3 4 6 8 10
1372.0 6 0 2 3 4 6 8 10
1373.0 6 1 2 3 4 6 8 10
1374.0 7 0 1 2 3 4 6 8 10
1375.0 3 5 6 8 10
1376.0 4 0 5 6 8 10
1377.0 4 1 5 6 8 10
1378.0 5 0 1 5 6 8 10
1379.0 4 2 5 6 8 10
1380.0 5 0 2 5 6 8 10
1381.0 5 1 2 5 6 8 10
1382.0 6 0 1 2 5 6 8 10
1383.0 4 3 5 6 8 10
1384.0 5 0 3 5 6 8 10
1385.0 5 1 3 5 6 8 10
1386.0 6 0 1 3 5 6 8 10
1387.0 5 2 3 5 6 8 10
1388.0 6 0 2 3 5 6 8 10
1389.0 6 1 2 3 5 6 8 10
1390.0 7 0 1 2 3 5 6 8 10
1391.0 4 4 5 6 8 10
1392.0 5 0 4 5 6 8 10
1393.0 5 1 4 5 6 8 10
1394.0 6 0 1 4 5 6 8 10
1395.0 5 2 4 5 6 8 10
1396.0 6 0 2 4 5 6 8 10
1397.0 6 1 2 4 5 6 8 10
1398.0 7 0 1 2 4 5 6 8 10
1399.0 5 3 4 5 6 8 10
1400.0 6 0 3 4 5 6 8 10
1401.0 6 1 3 4 5 6 8 10
1402.0 7 0 1 3 4 5 6 8 10
1403.0 6 2 3 4 5 6 8 10
1404.0 7 0 2 3 4 5 6 8 10
1405.0 7 1 2 3 4 5 6 8 10
1406.0 8 0 1 2 3 4 5 6 8 10
1407.0 2 7 8 10
1408.0 3 0 7 8 10
1409.0 3 1 7 8 10
1410.0 4 0 1 7 8 10
1411.0 3 2 7 8 10
1412.0 4 0 2 7 8 10
1413.0 4 1 2 7 8 10
1414.0 5 0 1 2 7 8 10
1415.0 3 3 7 8 10
1416.0 4 0 3 7 8 10
1417.0 4 1 3 7 8 10
1418.0 5 0 1 3 7 8 10
1419.0 4 2 3 7 8 10
1420.0 5 0 2 3 7 8 10
1421.0 5 1 2 3 7 8 10
1422.0 6 0 1 2 3 7 8 10
1423.0 3 4 7 8 10
1424.0 4 0 4 7 8 10
1425.0 4 1 4 7 8 10
1426.0 5 0 1 4 7 8 10
1427.0 4 2 4 7 8 10
1428.0 5 0 2 4 7 8 10
1429.0 5 1 2 4 7 8 10
1430.0 6 0 1 2 4 7 8 10
1431.0 4 3 4 7 8 10
1432.0 5 0 3 4 7 8 10
1433.0 5 1 3 4 7 8 10
1434.0 6 0 1 3 4 7 8 10
1435.0 5 2 3 4 7 8 10
1436.0 6 0 2 3 4 7 8 10
1437.0 6 1 2 3 4 7 8 10
1438.0 7 0 1 2 3 4 7 8 10
1439.0 3 5 7 8 10
1440.0 4 0 5 7 8 10
1441.0 4 1 5 7 8 10
1442.0 5 0 1 5 7 8 10
1443.0 4 2 5 7 8 10
1444.0 5 0 2 5 7 8 10
1445.0 5 1 2 5 7 8 10
1446.0 6 0 1 2 5 7 8 10
1447.0 4 3 5 7 8 10
1448.0 5 0 3 5 7 8 10
1449.0 5 1 3 5 7 8 10
1450.0 6 0 1 3 5 7 8 10
1451.0 5 2 3 5 7 8 10
1452.0 6 0 2 3 5 7 8 10
1453.0 6 1 2 3 5 7 8 10
1454.0 7 0 1 2 3 5 7 8 10
1455.0 4 4 5 7 8 10
1456.0 5 0 4 5 7 8 10
1457.0 5 1 4 5 7 8 10
1458.0 6 0 1 4 5 7 8 10
1459.0 5 2 4 5 7 8 10
1460.0 6 0 2 4 5 7 8 10
1461.0 6 1 2 4 5 7 8 10
1462.0 7 0 1 2 4 5 7 8 10
1463.0 5 3 4 5 7 8 10
1464.0 6 0 3 4 5 7 8 10
1465.0 6 1 3 4 5 7 8 10
1466.0 7 0 1 3 4 5 7 8 10
1467.0 6 2 3 4 5 7 8 10
1468.0 7 0 2 3 4 5 7 8 10
1469.0 7 1 2 3 4 5 7 8 10
1470.0 8 0 1 2 3 4 5 7 8 10
1471.0 3 6 7 8 10
1472.0 4 0 6 7 8 10
1473.0 4 1 6 7 8 10
1474.0 5 0 1 6 7 8 10
1475.0 4 2 6 7 8 10
1476.0 5 0 2 6 7 8 10
1477.0 5 1 2 6 7 8 10
1478.0 6 0 1 2 6 7 8 10
1479.0 4 3 6 7 8 10
1480.0 5 0 3 6 7 8 10
1481.0 5 1 3 6 7 8 10
1482.0 6 0 1 3 6 7 8 10
1483.0 5 2 3 6 7 8 10
1484.0 6 0 2 3 6 7 8 10
1485.0 6 1 2 3 6 7 8 10
1486.0 7 0 1 2 3 6 7 8 10
1487.0 4 4 6 7 8 10
1488.0 5 0 4 6 7 8 10
1489.0 5 1 4 6 7 8 10
1490.0 6 0 1 4 6 7 8 10
1491.0 5 2 4 6 7 8 10
1492.0 6 0 2 4 6 7 8 10
1493.0 6 1 2 4 6 7 8 10
1494.0 7 0 1 2 4 6 7 8 10
1495.0 5 3 4 6 7 8 10
1496.0 6 0 3 4 6 7 8 10
1497.0 6 1 3 4 6 7 8 10
1498.0 7 0 1 3 4 6 7 8 10
1499.0 6 2 3 4 6 7 8 10
1500.0 7 0 2 3 4 6 7 8 10
1501.0 7 1 2 3 4 6 7 8 10
1502.0 8 0 1 2 3 4 6 7 8 10
1503.0 4 5 6 7 8 10
1504.0 5 0 5 6 7 8 10
1505.0 5 1 5 6 7 8 10
1506.0 6 0 1 5 6 7 8 10
1507.0 5 2 5 6 7 8 10
1508.0 6 0 2 5 6 7 8 10
1509.0 6 1 2 5 6 7 8 10
1510.0 7 0 1 2 5 6 7 8 10
1511.0 5 3 5 6 7 8 10
1512.0 6 0 3 5 6 7 8 10
1513.0 6 1 3 5 6 7 8 10
1514.0 7 0 1 3 5 6 7 8 10
1515.0 6 2 3 5 6 7 8 10
1516.0 7 0 2 3 5 6 7 8 10
1517.0 7 1 2 3 5 6 7 8 10
1518.0 8 0 1 2 3 5 6 7 8 10
1519.0 5 4 5 6 7 8 10
1520.0 6 0 4 5 6 7 8 10
1521.0 6 1 4 5 6 7 8 10
1522.0 7 0 1 4 5 6 7 8 10
1523.0 6 2 4 5 6 7 8 10
1524.0 7 0 2 4 5 6 7 8 10
1525.0 7 1 2 4 5 6 7 8 10
1526.0 8 0 1 2 4 5 6 7 8 10
1527.0 6 3 4 5 6 7 8 10
1528.0 7 0 3 4 5 6 7 8 10
1529.0 7 1 3 4 5 6 7 8 10
1530.0 8 0 1 3 4 5 6 7 8 10
1531.0 7 2 3 4 5 6 7 8 10
1532.0 8 0 2 3 4 5 6 7 8 10
1533.0 8 1 2 3 4 5 6 7 8 10
1534.0 9 0 1 2 3 4 5 6 7 8 10
1535.0 1 9 10
1536.0 2 0 9 10
1537.0 2 1 9 10
1538.0 3 0 1 9 10
1539.0 2 2 9 10
1540.0 3 0 2 9 10
1541.0 3 1 2 9 10
1542.0 4 0 1 2 9 10
1543.0 2 3 9 10
1544.0 3 0 3 9 10
1545.0 3 1 3 9 10
1546.0 4 0 1 3 9 10
1547.0 3 2 3 9 10
1548.0 4 0 2 3 9 10
1549.0 4 1 2 3 9 10
1550.0 5 0 1 2 3 9 10
1551.0 2 4 9 10
1552.0 3 0 4 9 10
1553.0 3 1 4 9 10
1554.0 4 0 1 4 9 10
1555.0 3 2 4 9 10
1556.0 4 0 2 4 9 10
1557.0 4 1 2 4 9 10
1558.0 5 0 1 2 4 9 10
1559.0 3 3 4 9 10
1560.0 4 0 3 4 9 10
1561.0 4 1 3 4 9 10
1562.0 5 0 1 3 4 9 10
1563.0 4 2 3 4 9 10
1564.0 5 0 2 3 4 9 10
1565.0 5 1 2 3 4 9 10
1566.0 6 0 1 2 3 4 9 10
1567.0 2 5 9 10
1568.0 3 0 5 9 10
1569.0 3 1 5 9 10
1570.0 4 0 1 5 9 10
1571.0 3 2 5 9 10
1572.0 4 0 2 5 9 10
1573.0 4 1 2 5 9 10
1574.0 5 0 1 2 5 9 10
1575.0 3 3 5 9 10
1576.0 4 0 3 5 9 10
1577.0 4 1 3 5 9 10
1578.0 5 0 1 3 5 9 10
1579.0 4 2 3 5 9 10
1580.0 5 0 2 3 5 9 10
1581.0 5 1 2 3 5 9 10
1582.0 6 0 1 2 3 5 9 10
1583.0 3 4 5 9 10
1584.0 4 0 4 5 9 10
1585.0 4 1 4 5 9 10
1586.0 5 0 1 4 5 9 10
1587.0 4 2 4 5 9 10
1588.0 5 0 2 4 5 9 10
1589.0 5 1 2 4 5 9 10
1590.0 6 0 1 2 4 5 9 10
1591.0 4 3 4 5 9 10
1592.0 5 0 3 4 5 9 10
1593.0 5 1 3 4 5 9 10
1594.0 6 0 1 3 4 5 9 10
1595.0 5 2 3 4 5 9 10
1596.0 6 0 2 3 4 5 9 10
1597.0 6 1 2 3 4 5 9 10
1598.0 7 0 1 2 3 4 5 9 10
1599.0 2 6 9 10
1600.0 3 0 6 9 10
1601.0 3 1 6 9 10
1602.0 4 0 1 6 9 10
1603.0 3 2 6 9 10
1604.0 4 0 2 6 9 10
1605.0 4 1 2 6 9 10
1606.0 5 0 1 2 6 9 10
1607.0 3 3 6 9 10
1608.0 4 0 3 6 9 10
1609.0 4 1 3 6 9 10
1610.0 5 0 1 3 6 9 10
1611.0 4 2 3 6 9 10
1612.0 5 0 2 3 6 9 10
1613.0 5 1 2 3 6 9 10
1614.0 6 0 1 2 3 6 9 10
1615.0 3 4 6 9 10
1616.0 4 0 4 6 9 10
1617.0 4 1 4 6 9 10
1618.0 5 0 1 4 6 9 10
1619.0 4 2 4 6 9 10
1620.0 5 0 2 4 6 9 10
1621.0 5 1 2 4 6 9 10
1622.0 6 0 1 2 4 6 9 10
1623.0 4 3 4 6 9 10
1624.0 5 0 3 4 6 9 10
1625.0 5 1 3 4 6 9 10
1626.0 6 0 1 3 4 6 9 10
1627.0 5 2 3 4 6 9 10
1628.0 6 0 2 3 4 6 9 10
1629.0 6 1 2 3 4 6 9 10
1630.0 7 0 1 2 3 4 6 9 10
1631.0 3 5 6 9 10
1632.0 4 0 5 6 9 10
1633.0 4 1 5 6 9 10
1634.0 5 0 1 5 6 9 10
1635.0 4 2 5 6 9 10
1636.0 5 0 2 5 6 9 10
1637.0 5 1 2 5 6 9 10
1638.0 6 0 1 2 5 6 9 10
1639.0 4 3 5 6 9 10
1640.0 5 0 3 5 6 9 10
1641.0 5 1 3 5 6 9 10
1642.0 6 0 1 3 5 6 9 10
1643.0 5 2 3 5 6 9 10
1644.0 6 0 2 3 5 6 9 10
1645.0 6 1 2 3 5 6 9 10
1646.0 7 0 1 2 3 5 6 9 10
1647.0 4 4 5 6 9 10
1648.0 5 0 4 5 6 9 10
1649.0 5 1 4 5 6 9 10
1650.0 6 0 1 4 5 6 9 10
1651.0 5 2 4 5 6 9 10
1652.0 6 0 2 4 5 6 9 10
1653.0 6 1 2 4 5 6 9 10
1654.0 7 0 1 2 4 5 6 9 10
1655.0 5 3 4 5 6 9 10
1656.0 6 0 3 4 5 6 9 10
1657.0 6 1 3 4 5 6 9 10
1658.0 7 0 1 3 4 5 6 9 10
1659.0 6 2 3 4 5 6 9 10
1660.0 7 0 2 3 4 5 6 9 10
1661.0 7 1 2 3 4 5 6 9 10
1662.0 8 0 1 2 3 4 5 6 9 10
1663.0 2 7 9 10
1664.0 3 0 7 9 10
1665.0 3 1 7 9 10
1666.0 4 0 1 7 9 10
1667.0 3 2 7 9 10
1668.0 4 0 2 7 9 10
1669.0 4 1 2 7 9 10
1670.0 5 0 1 2 7 9 10
1671.0 3 3 7 9 10
1672.0 4 0 3 7 9 10
1673.0 4 1 3 7 9 10
1674.0 5 0 1 3 7 9 10
1675.0 4 2 3 7 9 10
1676.0 5 0 2 3 7 9 10
1677.0 5 1 2 3 7 9 10
1678.0 6 0 1 2 3 7 9 10
1679.0 3 4 7 9 10
1680.0 4 0 4 7 9 10
1681.0 4 1 4 7 9 10
1682.0 5 0 1 4 7 9 10
1683.0 4 2 4 7 9 10
1684.0 5 0 2 4 7 9 10
1685.0 5 1 2 4 7 9 10
1686.0 6 0 1 2 4 7 9 10
1687.0 4 3 4 7 9 10
1688.0 5 0 3 4 7 9 10
1689.0 5 1 3 4 7 9 10
1690.0 6 0 1 3 4 7 9 10
1691.0 5 2 3 4 7 9 10
1692.0 6 0 2 3 4 7 9 10
1693.0 6 1 2 3 4 7 9 10
1694.0 7 0 1 2 3 4 7 9 10
1695.0 3 5 7 9 10
1696.0 4 0 5 7 9 10
1697.0 4 1 5 7 9 10
1698.0 5 0 1 5 7 9 10
1699.0 4 2 5 7 9 10
1700.0 5 0 2 5 7 9 10
1701.0 5 1 2 5 7 9 10
1702.0 6 0 1 2 5 7 9 10
1703.0 4 3 5 7 9 10
1704.0 5 0 3 5 7 9 10
1705.0 5 1 3 5 7 9 10
1706.0 6 0 1 3 5 7 9 10
1707.0 5 2 3 5 7 9 10
1708.0 6 0 2 3 5 7 9 10
1709.0 6 1 2 3 5 7 9 10
1710.0 7 0 1 2 3 5 7 9 10
1711.0 4 4 5 7 9 10
1712.0 5 0 4 5 7 9 10
1713.0 5 1 4 5 7 9 10
1714.0 6 0 1 4 5 7 9 10
1715.0 5 2 4 5 7 9 10
1716.0 6 0 2 4 5 7 9 10
1717.0 6 1 2 4 5 7 9 10
1718.0 7 0 1 2 4 5 7 9 10
1719.0 5 3 4 5 7 9 10
1720.0 6 0 3 4 5 7 9 10
1721.0 6 1 3 4 5 7 9 10
1722.0 7 0 1 3 4 5 7 9 10
1723.0 6 2 3 4 5 7 9 10
1724.0 7 0 2 3 4 5 7 9 10
1725.0 7 1 2 3 4 5 7 9 10
1726.0 8 0 1 2 3 4 5 7 9 10
1727.0 3 6 7 9 10
1728.0 4 0 6 7 9 10
1729.0 4 1 6 7 9 10
1730.0 5 0 1 6 7 9 10
1731.0 4 2 6 7 9 10
1732.0 5 0 2 6 7 9 10
1733.0 5 1 2 6 7 9 10
1734.0 6 0 1 2 6 7 9 10
1735.0 4 3 6 7 9 10
1736.0 5 0 3 6 7 9 10
1737.0 5 1 3 6 7 9 10
1738.0 6 0 1 3 6 7 9 10
1739.0 5 2 3 6 7 9 10
1740.0 6 0 2 3 6 7 9 10
1741.0 6 1 2 3 6 7 9 10
1742.0 7 0 1 2 3 6 7 9 10
1743.0 4 4 6 7 9 10
1744.0 5 0 4 6 7 9 10
1745.0 5 1 4 6 7 9 10
1746.0 6 0 1 4 6 7 9 10
1747.0 5 2 4 6 7 9 10
1748.0 6 0 2 4 6 7 9 10
1749.0 6 1 2 4 6 7 9 10
1750.0 7 0 1 2 4 6 7 9 10
1751.0 5 3 4 6 7 9 10
1752.0 6 0 3 4 6 7 9 10
1753.0 6 1 3 4 6 7 9 10
1754.0 7 0 1 3 4 6 7 9 10
1755.0 6 2 3 4 6 7 9 10
1756.0 7 0 2 3 4 6 7 9 10
1757.0 7 1 2 3 4 6 7 9 10
1758.0 8 0 1 2 3 4 6 7 9 10
1759.0 4 5 6 7 9 10
1760.0 5 0 5 6 7 9 10
1761.0 5 1 5 6 7 9 10
1762.0 6 0 1 5 6 7 9 10
1763.0 5 2 5 6 7 9 10
1764.0 6 0 2 5 6 7 9 10
1765.0 6 1 2 5 6 7 9 10
1766.0 7 0 1 2 5 6 7 9 10
1767.0 5 3 5 6 7 9 10
1768.0 6 0 3 5 6 7 9 10
1769.0 6 1 3 5 6 7 9 10
1770.0 7 0 1 3 5 6 7 9 10
1771.0 6 2 3 5 6 7 9 10
1772.0 7 0 2 3 5 6 7 9 10
1773.0 7 1 2 3 5 6 7 9 10
1774.0 8 0 1 2 3 5 6 7 9 10
1775.0 5 4 5 6 7 9 10
1776.0 6 0 4 5 6 7 9 10
1777.0 6 1 4 5 6 7 9 10
1778.0 7 0 1 4 5 6 7 9 10
1779.0 6 2 4 5 6 7 9 10
1780.0 7 0 2 4 5 6 7 9 10
1781.0 7 1 2 4 5 6 7 9 10
1782.0 8 0 1 2 4 5 6 7 9 10
1783.0 6 3 4 5 6 7 9 10
1784.0 7 0 3 4 5 6 7 9 10
1785.0 7 1 3 4 5 6 7 9 10
1786.0 8 0 1 3 4 5 6 7 9 10
1787.0 7 2 3 4 5 6 7 9 10
1788.0 8 0 2 3 4 5 6 7 9 10
1789.0 8 1 2 3 4 5 6 7 9 10
1790.0 9 0 1 2 3 4 5 6 7 9 10
1791.0 2 8 9 10
1792.0 3 0 8 9 10
1793.0 3 1 8 9 10
1794.0 4 0 1 8 9 10
1795.0 3 2 8 9 10
1796.0 4 0 2 8 9 10
1797.0 4 1 2 8 9 10
1798.0 5 0 1 2 8 9 10
1799.0 3 3 8 9 10
1800.0 4 0 3 8 9 10
1801.0 4 1 3 8 9 10
1802.0 5 0 1 3 8 9 10
1803.0 4 2 3 8 9 10
1804.0 5 0 2 3 8 9 10
1805.0 5 1 2 3 8 9 10
1806.0 6 0 1 2 3 8 9 10
1807.0 3 4 8 9 10
1808.0 4 0 4 8 9 10
1809.0 4 1 4 8 9 10
1810.0 5 0 1 4 8 9 10
1811.0 4 2 4 8 9 10
1812.0 5 0 2 4 8 9 10
1813.0 5 1 2 4 8 9 10
1814.0 6 0 1 2 4 8 9 10
1815.0 4 3 4 8 9 10
1816.0 5 0 3 4 8 9 10
1817.0 5 1 3 4 8 9 10
1818.0 6 0 1 3 4 8 9 10
1819.0 5 2 3 4 8 9 10
1820.0 6 0 2 3 4 8 9 10
1821.0 6 1 2 3 4 8 9 10
1822.0 7 0 1 2 3 4 8 9 10
1823.0 3 5 8 9 10
1824.0 4 0 5 8 9 10
1825.0 4 1 5 8 9 10
1826.0 5 0 1 5 8 9 10
1827.0 4 2 5 8 9 10
1828.0 5 0 2 5 8 9 10
1829.0 5 1 2 5 8 9 10
1830.0 6 0 1 2 5 8 9 10
1831.0 4 3 5 8 9 10
1832.0 5 0 3 5 8 9 10
1833.0 5 1 3 5 8 9 10
1834.0 6 0 1 3 5 8 9 10
1835.0 5 2 3 5 8 9 10
1836.0 6 0 2 3 5 8 9 10
1837.0 6 1 2 3 5 8 9 10
1838.0 7 0 1 2 3 5 8 9 10
1839.0 4 4 5 8 9 10
1840.0 5 0 4 5 8 9 10
1841.0 5 1 4 5 8 9 10
1842.0 6 0 1 4 5 8 9 10
1843.0 5 2 4 5 8 9 10
1844.0 6 0 2 4 5 8 9 10
1845.0 6 1 2 4 5 8 9 10
1846.0 7 0 1 2 4 5 8 9 10
1847.0 5 3 4 5 8 9 10
1848.0 6 0 3 4 5 8 9 10
1849.0 6 1 3 4 5 8 9 10
1850.0 7 0 1 3 4 5 8 9 10
1851.0 6 2 3 4 5 8 9 10
1852.0 7 0 2 3 4 5 8 9 10
1853.0 7 1 2 3 4 5 8 9 10
1854.0 8 0 1 2 3 4 5 8 9 10
1855.0 3 6 8 9 10
1856.0 4 0 6 8 9 10
1857.0 4 1 6 8 9 10
1858.0 5 0 1 6 8 9 10
1859.0 4 2 6 8 9 10
1860.0 5 0 2 6 8 9 10
1861.0 5 1 2 6 8 9 10
1862.0 6 0 1 2 6 8 9 10
1863.0 4 3 6 8 9 10
1864.0 5 0 3 6 8 9 10
1865.0 5 1 3 6 8 9 10
1866.0 6 0 1 3 6 8 9 10
1867.0 5 2 3 6 8 9 10
1868.0 6 0 2 3 6 8 9 10
1869.0 6 1 2 3 6 8 9 10
1870.0 7 0 1 2 3 6 8 9 10
1871.0 4 4 6 8 9 10
1872.0 5 0 4 6 8 9 10
1873.0 5 1 4 6 8 9 10
1874.0 6 0 1 4 6 8 9 10
1875.0 5 2 4 6 8 9 10
1876.0 6 0 2 4 6 8 9 10
1877.0 6 1 2 4 6 8 9 10
1878.0 7 0 1 2 4 6 8 9 10
1879.0 5 3 4 6 8 9 10
1880.0 6 0 3 4 6 8 9 10
1881.0 6 1 3 4 6 8 9 10
1882.0 7 0 1 3 4 6 8 9 10
1883.0 6 2 3 4 6 8 9 10
1884.0 7 0 2 3 4 6 8 9 10
1885.0 7 1 2 3 4 6 8 9 10
1886.0 8 0 1 2 3 4 6 8 9 10
1887.0 4 5 6 8 9 10
1888.0 5 0 5 6 8 9 10
1889.0 5 1 5 6 8 9 10
1890.0 6 0 1 5 6 8 9 10
1891.0 5 2 5 6 8 9 10
1892.0 6 0 2 5 6 8 9 10
1893.0 6 1 2 5 6 8 9 10
1894.0 7 0 1 2 5 6 8 9 10
1895.0 5 3 5 6 8 9 10
1896.0 6 0 3 5 6 8 9 10
1897.0 6 1 3 5 6 8 9 10
1898.0 7 0 1 3 5 6 8 9 10
1899.0 6 2 3 5 6 8 9 10
1900.0 7 0 2 3 5 6 8 9 10
1901.0 7 1 2 3 5 6 8 9 10
1902.0 8 0 1 2 3 5 6 8 9 10
1903.0 5 4 5 6 8 9 10
1904.0 6 0 4 5 6 8 9 10
1905.0 6 1 4 5 6 8 9 10
1906.0 7 0 1 4 5 6 8 9 10
1907.0 6 2 4 5 6 8 9 10
1908.0 7 0 2 4 5 6 8 9 10
1909.0 7 1 2 4 5 6 8 9 10
1910.0 8 0 1 2 4 5 6 8 9 10
1911.0 6 3 4 5 6 8 9 10
1912.0 7 0 3 4 5 6 8 9 10
1913.0 7 1 3 4 5 6 8 9 10
1914.0 8 0 1 3 4 5 6 8 9 10
1915.0 7 2 3 4 5 6 8 9 10
1916.0 8 0 2 3 4 5 6 8 9 10
1917.0 8 1 2 3 4 5 6 8 9 10
1918.0 9 0 1 2 3 4 5 6 8 9 10
1919.0 3 7 8 9 10
1920.0 4 0 7 8 9 10
1921.0 4 1 7 8 9 10
1922.0 5 0 1 7 8 9 10
1923.0 4 2 7 8 9 10
1924.0 5 0 2 7 8 9 10
1925.0 5 1 2 7 8 9 10
1926.0 6 0 1 2 7 8 9 10
1927.0 4 3 7 8 9 10
1928.0 5 0 3 7 8 9 10
1929.0 5 1 3 7 8 9 10
1930.0 6 0 1 3 7 8 9 10
1931.0 5 2 3 7 8 9 10
1932.0 6 0 2 3 7 8 9 10
1933.0 6 1 2 3 7 8 9 10
1934.0 7 0 1 2 3 7 8 9 10
1935.0 4 4 7 8 9 10
1936.0 5 0 4 7 8 9 10
1937.0 5 1 4 7 8 9 10
1938.0 6 0 1 4 7 8 9 10
1939.0 5 2 4 7 8 9 10
1940.0 6 0 2 4 7 8 9 10
1941.0 6 1 2 4 7 8 9 10
1942.0 7 0 1 2 4 7 8 9 10
1943.0 5 3 4 7 8 9 10
1944.0 6 0 3 4 7 8 9 10
1945.0 6 1 3 4 7 8 9 10
1946.0 7 0 1 3 4 7 8 9 10
1947.0 6 2 3 4 7 8 9 10
1948.0 7 0 2 3 4 7 8 9 10
1949.0 7 1 2 3 4 7 8 9 10
1950.0 8 0 1 2 3 4 7 8 9 10
1951.0 4 5 7 8 9 10
1952.0 5 0 5 7 8 9 10
1953.0 5 1 5 7 8 9 10
1954.0 6 0 1 5 7 8 9 10
1955.0 5 2 5 7 8 9 10
1956.0 6 0 2 5 7 8 9 10
1957.0 6 1 2 5 7 8 9 10
1958.0 7 0 1 2 5 7 8 9 10
1959.0 5 3 5 7 8 9 10
1960.0 6 0 3 5 7 8 9 10
1961.0 6 1 3 5 7 8 9 10
1962.0 7 0 1 3 5 7 8 9 10
1963.0 6 2 3 5 7 8 9 10
1964.0 7 0 2 3 5 7 8 9 10
1965.0 7 1 2 3 5 7 8 9 10
1966.0 8 0 1 2 3 5 7 8 9 10
1967.0 5 4 5 7 8 9 10
1968.0 6 0 4 5 7 8 9 10
1969.0 6 1 4 5 7 8 9 10
1970.0 7 0 1 4 5 7 8 9 10
1971.0 6 2 4 5 7 8 9 10
1972.0 7 0 2 4 5 7 8 9 10
1973.0 7 1 2 4 5 7 8 9 10
1974.0 8 0 1 2 4 5 7 8 9 10
1975.0 6 3 4 5 7 8 9 10
1976.0 7 0 3 4 5 7 8 9 10
1977.0 7 1 3 4 5 7 8 9 10
1978.0 8 0 1 3 4 5 7 8 9 10
1979.0 7 2 3 4 5 7 8 9 10
1980.0 8 0 2 3 4 5 7 8 9 10
1981.0 8 1 2 3 4 5 7 8 9 10
1982.0 9 0 1 2 3 4 5 7 8 9 10
1983.0 4 6 7 8 9 10
1984.0 5 0 6 7 8 9 10
1985.0 5 1 6 7 8 9 10
1986.0 6 0 1 6 7 8 9 10
1987.0 5 2 6 7 8 9 10
1988.0 6 0 2 6 7 8 9 10
1989.0 6 1 2 6 7 8 9 10
1990.0 7 0 1 2 6 7 8 9 10
1991.0 5 3 6 7 8 9 10
1992.0 6 0 3 6 7 8 9 10
1993.0 6 1 3 6 7 8 9 10
1994.0 7 0 1 3 6 7 8 9 10
1995.0 6 2 3 6 7 8 9 10
1996.0 7 0 2 3 6 7 8 9 10
1997.0 7 1 2 3 6 7 8 9 10
1998.0 8 0 1 2 3 6 7 8 9 10
1999.0 5 4 6 7 8 9 10
2000.0 6 0 4 6 7 8 9 10
2001.0 6 1 4 6 7 8 9 10
2002.0 7 0 1 4 6 7 8 9 10
2003.0 6 2 4 6 7 8 9 10
2004.0 7 0 2 4 6 7 8 9 10
2005.0 7 1 2 4 6 7 8 9 10
2006.0 8 0 1 2 4 6 7 8 9 10
2007.0 6 3 4 6 7 8 9 10
2008.0 7 0 3 4 6 7 8 9 10
2009.0 7 1 3 4 6 7 8 9 10
2010.0 8 0 1 3 4 6 7 8 9 10
2011.0 7 2 3 4 6 7 8 9 10
2012.0 8 0 2 3 4 6 7 8 9 10
2013.0 8 1 2 3 4 6 7 8 9 10
2014.0 9 0 1 2 3 4 6 7 8 9 10
2015.0 5 5 6 7 8 9 10
2016.0 6 0 5 6 7 8 9 10
2017.0 6 1 5 6 7 8 9 10
2018.0 7 0 1 5 6 7 8 9 10
2019.0 6 2 5 6 7 8 9 10
2020.0 7 0 2 5 6 7 8 9 10
2021.0 7 1 2 5 6 7 8 9 10
2022.0 8 0 1 2 5 6 7 8 9 10
2023.0 6 3 5 6 7 8 9 10
2024.0 7 0 3 5 6 7 8 9 10
2025.0 7 1 3 5 6 7 8 9 10
2026.0 8 0 1 3 5 6 7 8 9 10
2027.0 7 2 3 5 6 7 8 9 10
2028.0 8 0 2 3 5 6 7 8 9 10
2029.0 8 1 2 3 5 6 7 8 9 10
2030.0 9 0 1 2 3 5 6 7 8 9 10
2031.0 6 4 5 6 7 8 9 10
2032.0 7 0 4 5 6 7 8 9 10
2033.0 7 1 4 5 6 7 8 9 10
2034.0 8 0 1 4 5 6 7 8 9 10
2035.0 7 2 4 5 6 7 8 9 10
2036.0 8 0 2 4 5 6 7 8 9 10
2037.0 8 1 2 4 5 6 7 8 9 10
2038.0 9 0 1 2 4 5 6 7 8 9 10
2039.0 7 3 4 5 6 7 8 9 10
2040.0 8 0 3 4 5 6 7 8 9 10
2041.0 8 1 3 4 5 6 7 8 9 10
2042.0 9 0 1 3 4 5 6 7 8 9 10
2043.0 8 2 3 4 5 6 7 8 9 10
2044.0 9 0 2 3 4 5 6 7 8 9 10
2045.0 9 1 2 3 4 5 6 7 8 9 10
