1.0 0 1
1.0 0 2
1.0 0 3
1.0 0 4
1.0 0 5
1.0 0 6
1.0 0 7
1.0 0 8
1.0 0 9
2.0 1 1 2
2.0 1 2 3
2.0 1 1 3
2.0 1 1 5
2.0 1 5 6
2.0 1 6 7
2.0 1 5 7
2.0 1 4 5
2.0 1 4 8
2.0 1 8 9
2.0 1 4 9
2.0 1 1 4
2.0 1 2 6
2.0 1 3 7
2.0 1 6 8
2.0 1 7 9
2.0 1 2 8
2.0 1 3 9
3.0 1 1 6
3.0 1 2 7
3.0 1 3 5
3.0 1 5 8
3.0 1 6 9
3.0 1 4 7
3.0 1 2 4
3.0 1 3 8
3.0 1 1 9
4.0 2 1 2 6
4.0 2 2 3 7
4.0 2 1 3 5
4.0 2 1 5 6
4.0 2 2 6 7
4.0 2 3 5 7
4.0 2 5 6 8
4.0 2 6 7 9
4.0 2 4 5 7
4.0 2 4 5 8
4.0 2 6 8 9
4.0 2 4 7 9
4.0 2 1 2 4
4.0 2 2 4 8
4.0 2 2 3 8
4.0 2 3 8 9
4.0 2 1 3 9
4.0 2 1 4 9 
